0.419966,0,0,112.974,0.266976,0.963494,0.0172598,-0.0102777
0.519922,0,-0.0697722,112.97,0.266282,0.963669,0.0180394,-0.0105043
0.619878,0,-0.139544,112.966,0.265411,0.963904,0.018307,-0.0105123
0.72988,0,-0.139544,112.965,0.264899,0.964043,0.0188473,-0.00975514
0.830055,0,-0.209317,112.96,0.263671,0.964386,0.0188973,-0.00893278
0.939844,0,-0.279089,112.953,0.261821,0.964898,0.0186186,-0.00862447
1.03983,0,-0.348861,112.946,0.260341,0.965299,0.0185962,-0.00864044
1.13984,0,-0.348861,112.944,0.258637,0.965752,0.0189549,-0.00843288
1.24981,0,-0.418633,112.947,0.256924,0.966196,0.0197857,-0.00801718
1.35002,0,-0.418633,112.948,0.255656,0.966523,0.020353,-0.00767833
1.45976,0,-0.488406,112.944,0.254331,0.966866,0.0204281,-0.00824519
1.55978,0,-0.488406,112.94,0.252743,0.96728,0.0201466,-0.00913157
1.65976,0,-0.558178,112.934,0.251246,0.967673,0.0197073,-0.00983193
1.76975,0,-0.62795,112.924,0.249246,0.968194,0.0195837,-0.00968341
1.86982,0.424232,-0.62795,112.92,0.246739,0.968832,0.0198636,-0.00944903
1.96969,0.424232,-0.697722,112.914,0.24418,0.969476,0.0202336,-0.00908597
2.07972,0.424232,-0.767494,112.91,0.241285,0.970198,0.0207209,-0.00824718
2.17968,0.424232,-0.837267,112.911,0.238334,0.970927,0.0210749,-0.00735578
2.28968,0.424232,-0.907039,112.91,0.235378,0.971648,0.0212943,-0.00655413
2.38969,0.424232,-1.04658,112.909,0.232613,0.972324,0.0209801,-0.00611309
2.48966,0.424232,-1.11636,112.902,0.229762,0.973015,0.0204818,-0.00553935
2.59966,0.424232,-1.18613,112.893,0.226806,0.97372,0.0200644,-0.0050422
2.69962,0.424232,-1.32567,112.881,0.22431,0.974307,0.0197297,-0.00471559
2.79974,0.424232,-1.46522,112.865,0.222146,0.974805,0.0196005,-0.00475155
2.90967,0.848464,-1.60476,112.851,0.220138,0.975262,0.0194423,-0.00499302
3.0096,0.848464,-1.74431,112.846,0.217999,0.975737,0.0196936,-0.00516664
3.1196,0.848464,-1.88385,112.839,0.215459,0.976279,0.0204802,-0.00608343
3.21956,0.848464,-2.02339,112.833,0.213399,0.976723,0.0207817,-0.00635583
3.31972,0.848464,-2.23271,112.824,0.211143,0.977217,0.0205529,-0.00664649
3.42957,0.848464,-2.44203,112.814,0.208666,0.977769,0.019337,-0.00720017
3.52948,1.2727,-2.65134,112.804,0.206433,0.978249,0.0190209,-0.00723801
3.6395,1.2727,-2.86066,112.798,0.203518,0.978853,0.0187985,-0.00864067
3.73946,1.2727,-3.06998,112.786,0.200367,0.979502,0.0179815,-0.0103
3.8396,1.2727,-3.34907,112.763,0.197169,0.980161,0.0165779,-0.0115423
3.94944,1.69693,-3.55838,112.733,0.19406,0.980828,0.0135838,-0.0114736
4.04944,1.69693,-3.83747,112.716,0.19085,0.981493,0.0119075,-0.0103365
4.15942,1.69693,-4.11656,112.715,0.187168,0.982186,0.0127146,-0.0108348
4.25943,1.69693,-4.39565,112.713,0.184072,0.982724,0.0143808,-0.0128098
4.35952,2.12116,-4.67474,112.709,0.181313,0.983202,0.0152711,-0.0143561
4.46938,2.12116,-5.0236,112.699,0.178522,0.983686,0.0160006,-0.0153338
4.56944,2.12116,-5.30269,112.69,0.176722,0.984002,0.0155496,-0.0163613
4.66936,2.12116,-5.58178,112.669,0.175631,0.984191,0.0149688,-0.0172507
4.77939,2.54539,-5.93064,112.651,0.175151,0.984286,0.0145446,-0.0170481
4.87938,2.54539,-6.2795,112.637,0.175402,0.984258,0.0145228,-0.0161
4.98938,2.54539,-6.62836,112.619,0.176981,0.983995,0.0142059,-0.0151533
5.0893,2.54539,-6.90745,112.596,0.17969,0.983518,0.0126627,-0.0156189
5.1893,2.96962,-7.25631,112.58,0.182697,0.983002,0.0118951,-0.0137164
5.29948,2.96962,-7.60517,112.569,0.186121,0.982379,0.0112523,-0.0128047
5.39931,2.96962,-7.88426,112.566,0.188942,0.981839,0.0113336,-0.0128137
5.50926,3.39386,-8.23312,112.572,0.192361,0.981128,0.0122749,-0.0153189
5.60926,3.39386,-8.58198,112.577,0.195373,0.980491,0.0128532,-0.0173616
5.70929,3.39386,-8.86107,112.581,0.198699,0.979818,0.0129285,-0.0175655
5.81943,3.81809,-9.20993,112.59,0.2023,0.97911,0.0126757,-0.0160678
5.91925,3.81809,-9.55879,112.589,0.205053,0.97857,0.0123166,-0.0142458
6.02919,3.81809,-9.90766,112.593,0.208095,0.977934,0.0123765,-0.0137134
6.12919,4.24232,-10.1867,112.597,0.210652,0.97738,0.012941,-0.0136858
6.22915,4.24232,-10.5356,112.601,0.212868,0.976884,0.0133512,-0.014375
6.33926,4.24232,-10.8845,112.602,0.214649,0.976461,0.013826,-0.0161019
6.43914,4.66655,-11.1636,112.604,0.216334,0.976054,0.0142584,-0.0177529
6.54917,4.66655,-11.5124,112.603,0.217944,0.975662,0.0149814,-0.0189774
6.64909,4.66655,-11.8613,112.605,0.219026,0.975426,0.0149083,-0.0186914
6.74911,5.09079,-12.1404,112.606,0.220766,0.975051,0.0145635,-0.0180609
6.85913,5.09079,-12.4892,112.608,0.222588,0.974685,0.0135532,-0.0161348
6.95909,5.09079,-12.7683,112.609,0.224399,0.974286,0.0130054,-0.0155972
7.05906,5.51502,-12.9776,112.609,0.226807,0.97373,0.0127767,-0.0156672
7.1691,5.51502,-13.2567,112.609,0.229675,0.973038,0.0125259,-0.0170037
7.26913,5.51502,-13.466,112.608,0.231789,0.972522,0.0124457,-0.0179067
7.37905,5.51502,-13.7451,112.605,0.233857,0.972005,0.0120762,-0.0192496
7.47901,5.93925,-13.9544,112.602,0.235848,0.971523,0.0114764,-0.0196757
7.579,5.93925,-14.094,112.603,0.237736,0.971087,0.0109384,-0.0187419
7.68901,5.93925,-14.3033,112.605,0.239134,0.970768,0.0105094,-0.0177496
7.78897,5.93925,-14.4429,112.606,0.240591,0.9704,0.0104554,-0.0181606
7.88901,5.93925,-14.5824,112.606,0.241929,0.970065,0.0103685,-0.0183436
7.999,5.93925,-14.6522,112.609,0.243146,0.969772,0.0105907,-0.0175937
8.09908,5.93925,-14.7219,112.61,0.243857,0.969614,0.010286,-0.0166152
8.20892,5.93925,-14.8615,112.608,0.24453,0.969462,0.00904255,-0.0163378
8.30908,6.36348,-14.9313,112.605,0.245182,0.969297,0.00776684,-0.0169799
8.4089,6.36348,-15.001,112.602,0.245494,0.969214,0.00675384,-0.0176603
8.51886,6.36348,-15.0708,112.6,0.24563,0.96917,0.00631428,-0.0183175
8.61888,6.36348,-15.1406,112.599,0.245516,0.969197,0.00629835,-0.0184104
8.72889,6.36348,-15.2103,112.598,0.244868,0.969365,0.0061658,-0.0182671
8.82904,6.36348,-15.2801,112.597,0.243765,0.969648,0.00600736,-0.018036
8.92882,6.36348,-15.3499,112.596,0.242128,0.970059,0.00592515,-0.0179998
9.03882,6.36348,-15.4894,112.595,0.239714,0.970657,0.00581838,-0.0181199
9.13878,6.36348,-15.5592,112.593,0.237355,0.971231,0.00559182,-0.0184585
9.23879,6.36348,-15.629,112.591,0.234924,0.971821,0.00542954,-0.0185751
9.34903,6.36348,-15.7685,112.59,0.232156,0.972491,0.00518185,-0.0184052
9.44875,6.36348,-15.8383,112.588,0.229436,0.973142,0.00483802,-0.0181726
9.55875,6.78771,-15.9778,112.586,0.226242,0.973892,0.00426931,-0.0182122
9.65874,6.78771,-16.0476,112.584,0.223057,0.974625,0.00367293,-0.0183849
9.75872,6.78771,-16.1872,112.582,0.219748,0.975373,0.00332758,-0.0186306
9.86877,6.78771,-16.3267,112.58,0.215846,0.976244,0.00303265,-0.0186561
9.96874,6.78771,-16.4662,112.58,0.211992,0.977098,0.00264335,-0.0181962
10.0787,6.78771,-16.6058,112.579,0.207572,0.978049,0.00220898,-0.0181258
10.1787,6.78771,-16.7453,112.579,0.203554,0.978892,0.00205485,-0.0182131
10.2786,7.21195,-16.9546,112.579,0.199576,0.979711,0.00222796,-0.0181699
10.3887,7.21195,-17.0942,112.58,0.195342,0.980568,0.00262162,-0.0179202
10.4886,7.21195,-17.3035,112.58,0.191709,0.981291,0.00285416,-0.0175652
10.5887,7.21194,-17.5128,112.581,0.188406,0.981924,0.0031489,-0.0178408
10.6987,7.21195,-17.7221,112.582,0.185044,0.982566,0.00314878,-0.0176756
10.7987,7.21195,-17.9315,112.583,0.18211,0.98312,0.00304113,-0.0173779
10.9086,7.63618,-18.2106,112.582,0.179476,0.983614,0.00276819,-0.0168332
11.0086,7.63618,-18.4896,112.582,0.178117,0.983862,0.00259692,-0.016847
11.1086,7.63618,-18.699,112.583,0.177504,0.983981,0.00251627,-0.0163614
11.2185,7.63618,-19.0478,112.584,0.177984,0.983905,0.00247487,-0.0156944
11.3187,7.63618,-19.3269,112.585,0.17879,0.983762,0.00203411,-0.0155863
11.4285,8.06041,-19.606,112.584,0.179577,0.983606,0.0014935,-0.0164231
11.5285,8.06041,-19.9549,112.581,0.180028,0.983511,0.00123326,-0.0171769
11.6285,8.06041,-20.3037,112.58,0.18052,0.983424,0.00161898,-0.0169444
11.7385,8.48464,-20.6526,112.582,0.1811,0.983327,0.00304183,-0.0161825
11.8385,8.48464,-21.0014,112.585,0.18159,0.983239,0.00462508,-0.0156725
11.9384,8.48464,-21.3503,112.589,0.182051,0.983141,0.00665988,-0.0156834
12.0484,8.48464,-21.7689,112.594,0.182725,0.983009,0.00873837,-0.0151029
12.1484,8.90887,-22.1178,112.599,0.183253,0.982893,0.0104205,-0.0151855
12.2584,8.90887,-22.4667,112.602,0.183798,0.98278,0.0112308,-0.0153274
12.3584,8.90887,-22.8853,112.6,0.184437,0.982665,0.011135,-0.0151273
12.4584,9.33311,-23.2341,112.594,0.18493,0.982584,0.0104822,-0.014841
12.5684,9.33311,-23.6528,112.587,0.18544,0.982487,0.00996448,-0.0152185
12.6684,9.33311,-24.0016,112.581,0.186065,0.982367,0.00939069,-0.0156961
12.7783,9.75734,-24.4203,112.576,0.186881,0.982216,0.00906911,-0.0156461
12.8784,9.75734,-24.7691,112.574,0.18765,0.98207,0.0090049,-0.0156729
12.9783,9.75734,-25.1878,112.574,0.188899,0.981831,0.00920296,-0.0155264
13.0883,10.1816,-25.5366,112.574,0.190707,0.981474,0.0100451,-0.0154283
13.1883,10.1816,-25.9553,112.571,0.192143,0.98119,0.0103117,-0.0155493
13.2883,10.1816,-26.3041,112.568,0.19366,0.980891,0.010308,-0.0155816
13.3984,10.6058,-26.7228,112.565,0.195493,0.980533,0.010028,-0.0154098
13.4983,10.6058,-27.0716,112.562,0.197062,0.980232,0.00957509,-0.0148048
13.6084,10.6058,-27.4903,112.562,0.19874,0.979897,0.00939235,-0.0146801
13.7082,11.03,-27.8391,112.56,0.200289,0.979584,0.00941321,-0.0144989
13.8085,11.03,-28.2577,112.556,0.202056,0.979223,0.00924328,-0.0145111
13.9182,11.4543,-28.6066,112.553,0.204124,0.978797,0.00833505,-0.01482
14.0182,11.4543,-28.9555,112.55,0.206128,0.978387,0.00752935,-0.0146019
14.1282,11.4543,-29.3741,112.549,0.20845,0.977895,0.00737921,-0.0146858
14.2282,11.8785,-29.723,112.55,0.210416,0.977476,0.00722393,-0.0146293
14.3282,11.8785,-30.0718,112.55,0.212364,0.977058,0.00695005,-0.0145268
14.4381,11.8785,-30.4207,112.547,0.214422,0.976624,0.00632748,-0.0137183
14.5381,12.3027,-30.7696,112.545,0.215771,0.976331,0.00613739,-0.0135094
14.6381,12.3027,-31.1184,112.546,0.21691,0.976068,0.00689327,-0.0139575
14.7481,12.3027,-31.4673,112.547,0.218465,0.975714,0.00735691,-0.0141566
14.8481,12.727,-31.8161,112.547,0.219466,0.975484,0.00733729,-0.0145144
14.958,12.727,-32.165,112.547,0.220307,0.975293,0.00723004,-0.014713
15.0581,12.727,-32.5139,112.548,0.221277,0.975096,0.00695899,-0.013288
15.158,13.1512,-32.8627,112.549,0.222305,0.974888,0.00625379,-0.0115828
15.268,13.1512,-33.2813,112.546,0.223254,0.974697,0.00492209,-0.00999826
15.3681,13.5754,-33.6302,112.544,0.22413,0.974499,0.00404163,-0.0100096
15.478,13.5754,-33.9791,112.54,0.224691,0.974377,0.00262618,-0.00986447
15.578,13.5754,-34.3279,112.539,0.224987,0.974291,0.00280936,-0.0113614
15.678,13.9997,-34.6768,112.541,0.225002,0.974277,0.00442073,-0.0118067
15.788,13.9997,-35.0954,112.546,0.225467,0.97415,0.00764994,-0.0117042
15.888,13.9997,-35.4443,112.551,0.225846,0.974041,0.0108484,-0.010943
15.9879,14.4239,-35.7931,112.556,0.225948,0.974006,0.0127944,-0.00978212
16.0979,14.4239,-36.142,112.559,0.226171,0.973952,0.0136573,-0.0088434
16.198,14.8481,-36.4909,112.562,0.226632,0.973836,0.0151037,-0.00731563
16.308,14.8481,-36.9095,112.558,0.227016,0.973726,0.0158685,-0.00833194
16.4079,14.8481,-37.2584,112.552,0.227529,0.973587,0.0161405,-0.00993747
16.5079,15.2724,-37.5375,112.542,0.228162,0.973427,0.0156537,-0.011736
16.6179,15.2724,-37.9561,112.529,0.22876,0.973285,0.0143734,-0.0133836
16.7178,15.6966,-38.305,112.524,0.230196,0.972938,0.0144777,-0.013888
16.818,15.6966,-38.584,112.523,0.231518,0.972632,0.0151081,-0.0125542
16.9278,15.6966,-38.9329,112.52,0.232926,0.972307,0.0151005,-0.0116615
17.0278,16.1208,-39.2818,112.513,0.234313,0.971981,0.0144006,-0.0119632
17.1378,16.1208,-39.6306,112.507,0.235864,0.971593,0.0140419,-0.0133313
17.2378,16.1208,-39.9795,112.502,0.237341,0.971227,0.0140326,-0.0137793
17.338,16.545,-40.3283,112.497,0.238847,0.970862,0.0140192,-0.0135071
17.4477,16.545,-40.6074,112.491,0.240229,0.970528,0.0137094,-0.0133075
17.5477,16.9693,-40.8865,112.494,0.241725,0.970152,0.0133611,-0.013984
17.6577,16.9693,-41.2354,112.503,0.243445,0.969724,0.012925,-0.0142038
17.7577,17.3935,-41.4447,112.509,0.244774,0.969396,0.0124554,-0.0142172
17.8578,17.3935,-41.7238,112.515,0.245797,0.969147,0.0118229,-0.0140721
17.9677,17.8177,-42.0029,112.521,0.246433,0.968995,0.0110622,-0.0140744
18.0677,17.8177,-42.2122,112.522,0.246647,0.968951,0.0102006,-0.013985
18.1776,18.242,-42.4913,112.525,0.24682,0.968908,0.00938306,-0.0144696
18.2776,18.242,-42.7704,112.527,0.247059,0.96884,0.00907522,-0.0151317
18.3776,18.6662,-43.0495,112.53,0.247256,0.968772,0.00947253,-0.0159982
18.4876,18.6662,-43.3285,112.533,0.247496,0.968703,0.00994363,-0.0161386
18.5876,19.0904,-43.6076,112.537,0.247667,0.96866,0.0101098,-0.0160069
18.6977,19.0904,-43.8867,112.54,0.247471,0.968721,0.0101144,-0.0153527
18.7976,19.0904,-44.1658,112.543,0.247149,0.968811,0.0100949,-0.0148583
18.8977,19.5147,-44.3751,112.544,0.246792,0.968908,0.00988591,-0.0145749
19.0076,19.5147,-44.724,112.532,0.246324,0.969025,0.00969208,-0.0149041
19.1076,19.9389,-44.9333,112.535,0.245907,0.969129,0.00936519,-0.0151979
19.2075,19.9389,-45.1426,112.531,0.245372,0.96926,0.00874628,-0.0158119
19.3177,20.3631,-45.4217,112.525,0.24433,0.969522,0.0076876,-0.0164328
19.4175,20.3631,-45.7008,112.515,0.24319,0.969802,0.00724833,-0.0170253
19.5275,20.7874,-46.0497,112.504,0.242161,0.970058,0.00724369,-0.0171095
19.6275,20.7874,-46.259,112.498,0.241328,0.970273,0.00715336,-0.0167121
19.7275,21.2116,-46.5381,112.491,0.240523,0.970482,0.00704174,-0.0162695
19.8375,21.2116,-46.8172,112.492,0.239787,0.970671,0.00682932,-0.0159128
19.9374,21.2116,-47.0265,112.497,0.23922,0.970815,0.00681976,-0.0156733
20.0374,21.6358,-47.3056,112.5,0.238564,0.970978,0.00708771,-0.0154165
20.1474,21.6358,-47.5149,112.505,0.237848,0.97115,0.00790583,-0.0152747
20.2474,21.6358,-47.7242,112.514,0.237147,0.971311,0.00894537,-0.0153945
20.3574,21.6358,-48.0033,112.513,0.235915,0.971593,0.00992463,-0.015917
20.4574,22.0601,-48.2126,112.514,0.234414,0.971942,0.010518,-0.016368
20.5573,22.0601,-48.4219,112.507,0.232663,0.972357,0.0108359,-0.0165095
20.6673,22.0601,-48.701,112.496,0.23049,0.972878,0.0111279,-0.0160617
20.7673,22.0601,-48.9103,112.489,0.228391,0.973379,0.0114858,-0.0154894
20.8773,22.4843,-49.1196,112.479,0.226141,0.973904,0.0120805,-0.0149806
20.9773,22.4843,-49.329,112.473,0.22427,0.974332,0.0126501,-0.0148338
21.0773,22.4843,-49.608,112.465,0.222319,0.974775,0.0128885,-0.0149225
21.1873,22.9085,-49.8174,112.458,0.220219,0.975248,0.0127498,-0.0152705
21.2872,22.9085,-50.0267,112.448,0.218274,0.975688,0.0123581,-0.0154146
21.3873,22.9085,-50.236,112.441,0.216536,0.97608,0.0119567,-0.0153935
21.4973,22.9085,-50.5151,112.434,0.214803,0.976468,0.0117998,-0.0151929
21.5974,23.3328,-50.7244,112.43,0.213558,0.976738,0.0119284,-0.0152718
21.7072,23.3328,-50.9337,112.425,0.212584,0.976946,0.0121151,-0.0154153
21.8074,23.3328,-51.143,112.421,0.212095,0.977049,0.0123228,-0.0154288
21.9073,23.3328,-51.3524,112.416,0.211921,0.977086,0.0124629,-0.0154323
22.0171,23.757,-51.6314,112.41,0.211877,0.977089,0.0124819,-0.0158189
22.1171,23.757,-51.8408,112.406,0.211694,0.977117,0.0126909,-0.016362
22.2271,23.757,-52.0501,112.402,0.211056,0.977238,0.0131658,-0.0169462
22.3272,23.757,-52.3292,112.4,0.210221,0.977409,0.0135225,-0.0172346
22.4271,24.1812,-52.5385,112.397,0.209061,0.977658,0.0135335,-0.0171657
22.5371,24.1812,-52.7478,112.394,0.207667,0.977961,0.0133076,-0.0170227
22.637,24.1812,-52.9571,112.391,0.206558,0.978203,0.0131013,-0.0167559
22.7371,24.1812,-53.1664,112.387,0.205346,0.978461,0.0129725,-0.0166707
22.8471,24.6055,-53.4455,112.383,0.204043,0.97874,0.0128282,-0.0164274
22.9471,24.6055,-53.6548,112.379,0.202982,0.978964,0.0128878,-0.0161746
23.057,24.6055,-53.8642,112.374,0.201944,0.979177,0.0127917,-0.0163699
23.157,24.6055,-54.0735,112.369,0.201188,0.979326,0.0125426,-0.0169504
23.257,25.0297,-54.2828,112.365,0.200695,0.979424,0.0121606,-0.0173704
23.367,25.0297,-54.5619,112.36,0.20021,0.979522,0.0118595,-0.0176903
23.467,25.0297,-54.7712,112.357,0.199833,0.979603,0.0116626,-0.0175499
23.577,25.0297,-54.9805,112.354,0.199891,0.979593,0.0117537,-0.0174207
23.677,25.4539,-55.1898,112.352,0.200339,0.979499,0.0120909,-0.0173291
23.7769,25.4539,-55.3991,112.35,0.200951,0.979369,0.0123228,-0.0174196
23.887,25.4539,-55.6782,112.348,0.201814,0.979192,0.0126454,-0.0171418
23.9869,25.4539,-55.8876,112.344,0.202874,0.978982,0.01255,-0.0166856
24.097,25.8782,-56.0969,112.339,0.204181,0.978723,0.0117464,-0.0165096
24.1969,25.8782,-56.3062,112.334,0.20587,0.978373,0.0111897,-0.0166936
24.2971,25.8782,-56.5155,112.331,0.207857,0.977955,0.0108091,-0.0168243
24.4069,25.8782,-56.7946,112.328,0.210064,0.977489,0.0103791,-0.0167531
24.5069,26.3024,-57.0039,112.326,0.211999,0.977079,0.00973833,-0.0166807
24.6168,26.3024,-57.2132,112.323,0.213936,0.976667,0.00910119,-0.0164064
24.7168,26.3024,-57.4225,112.319,0.21554,0.976316,0.00859265,-0.0165879
24.8169,26.3024,-57.6319,112.315,0.216755,0.976043,0.00793871,-0.0171868
24.9268,26.7266,-57.9109,112.311,0.217627,0.97584,0.00728659,-0.0179569
25.0268,26.7266,-58.1203,112.307,0.217961,0.975765,0.00652722,-0.0182524
25.1268,26.7266,-58.3296,112.304,0.217768,0.975817,0.00602149,-0.0179263
25.2367,26.7266,-58.5389,112.302,0.217222,0.975947,0.00545532,-0.0176667
25.3369,27.1509,-58.7482,112.301,0.216462,0.976123,0.00505769,-0.0174197
25.4468,27.1509,-59.0273,112.301,0.215249,0.97639,0.00544492,-0.0173307
25.5467,27.1509,-59.2366,112.303,0.213783,0.97669,0.00649642,-0.0182279
25.6467,27.5751,-59.4459,112.305,0.211544,0.977156,0.00665594,-0.0192461
25.7566,27.5751,-59.6553,112.306,0.208762,0.977756,0.00606227,-0.0193688
25.8567,27.5751,-59.8646,112.305,0.20625,0.978317,0.0054749,-0.0180768
25.9666,27.5751,-60.1437,112.304,0.203659,0.978883,0.00479069,-0.0169808
26.0666,27.9993,-60.353,112.303,0.201452,0.979356,0.00431437,-0.0161247
26.1666,27.9993,-60.5623,112.303,0.199605,0.979766,0.00355914,-0.0142952
26.2766,27.9993,-60.7716,112.302,0.198195,0.980081,0.00297543,-0.0123152
26.3766,27.9993,-60.9809,112.303,0.197294,0.980272,0.0033592,-0.0114561
26.4766,27.9993,-61.1902,112.304,0.196816,0.98035,0.00371372,-0.0127817
26.5867,28.4235,-61.4693,112.302,0.196701,0.980348,0.00369556,-0.0145793
26.6866,28.4235,-61.6786,112.299,0.196929,0.980277,0.00367699,-0.0161744
26.7966,28.4235,-61.888,112.301,0.197165,0.980235,0.00447061,-0.0156516
26.8967,28.4235,-62.167,112.304,0.197629,0.980162,0.00524639,-0.014066
26.9965,28.8478,-62.3764,112.306,0.197959,0.980102,0.0050687,-0.0136558
27.1065,28.8478,-62.5857,112.308,0.198229,0.980038,0.00491391,-0.0144011
27.2065,28.8478,-62.795,112.309,0.1988,0.979909,0.00525632,-0.0151222
27.3166,29.272,-63.0741,112.31,0.199373,0.979814,0.00582711,-0.0134584
27.4165,29.272,-63.2834,112.308,0.199562,0.979797,0.00596824,-0.0117423
27.5165,29.272,-63.4927,112.307,0.199676,0.979777,0.00646675,-0.0111944
27.6264,29.272,-63.7718,112.307,0.199881,0.979741,0.00665858,-0.0105635
27.7264,29.6962,-63.9811,112.304,0.200286,0.97967,0.00586527,-0.00985068
27.8264,29.6962,-64.2602,112.302,0.20029,0.979684,0.00498801,-0.00886852
27.9364,29.6962,-64.4695,112.299,0.200688,0.979608,0.00322047,-0.00902414
28.0364,29.6962,-64.6788,112.299,0.200823,0.979573,0.00221858,-0.0101148
28.1464,30.1205,-64.9579,112.304,0.200623,0.979593,0.00328872,-0.0116829
28.2464,30.1205,-65.1673,112.306,0.200924,0.9795,0.00327386,-0.0140844
28.3464,30.1205,-65.4463,112.304,0.20116,0.979422,0.00238504,-0.0161884
28.4563,30.1205,-65.6557,112.301,0.201261,0.979377,0.0025919,-0.0175634
28.5563,30.5447,-65.9347,112.296,0.201439,0.979334,0.00297503,-0.0178297
28.6663,30.5447,-66.1441,112.292,0.202019,0.979253,0.00271187,-0.0156042
28.7663,30.5447,-66.4232,112.292,0.202113,0.979283,0.00244202,-0.0122229
28.8664,30.9689,-66.6325,112.291,0.201971,0.979341,0.00184502,-0.00980272
28.9763,30.9689,-66.9116,112.299,0.201915,0.979344,0.00365211,-0.0100836
29.0762,30.9689,-67.1907,112.307,0.201615,0.97937,0.00699098,-0.0117367
29.1762,30.9689,-67.4,112.309,0.201238,0.979426,0.00894741,-0.0121665
29.2863,31.3932,-67.6791,112.315,0.200835,0.979504,0.0115209,-0.0102454
29.3862,31.3932,-67.9581,112.319,0.200966,0.979446,0.01412,-0.00993268
29.4964,31.3932,-68.2372,112.314,0.201357,0.97934,0.0147296,-0.0114615
29.5962,31.8174,-68.5163,112.309,0.201816,0.979218,0.0154192,-0.0128445
29.6964,31.8174,-68.7256,112.308,0.202242,0.979121,0.0168459,-0.011693
29.8062,31.8174,-69.0047,112.306,0.202841,0.979013,0.0172844,-0.00948416
29.9062,31.8174,-69.2838,112.306,0.203091,0.978953,0.0184068,-0.00809403
30.0061,32.2416,-69.4931,112.302,0.203491,0.97886,0.0191143,-0.00768386
30.1161,32.2416,-69.7024,112.294,0.203667,0.978818,0.0189397,-0.00868736
30.2161,32.2416,-69.9815,112.286,0.204315,0.978681,0.0187467,-0.00939254
30.3262,32.6659,-70.1909,112.277,0.204944,0.978553,0.0183856,-0.00968363
30.4261,32.6659,-70.4002,112.269,0.204814,0.978603,0.0174065,-0.00913557
30.526,32.6659,-70.6095,112.264,0.204918,0.978594,0.0163532,-0.00977064
30.6361,32.6659,-70.8188,112.258,0.204884,0.978609,0.0153638,-0.0105191
30.736,33.0901,-71.0281,112.246,0.204592,0.978711,0.0128507,-0.0101261
30.851,33.0901,-71.3072,112.241,0.203728,0.978905,0.011823,-0.0100501
30.966,33.0901,-71.5165,112.235,0.202864,0.979097,0.0107953,-0.00997233
31.046,33.0901,-71.7258,112.231,0.201725,0.979325,0.00970379,-0.0116692
31.1559,33.5143,-71.9352,112.225,0.200247,0.979624,0.00804555,-0.0131508
31.256,33.5143,-72.1445,112.22,0.19841,0.980005,0.00727933,-0.0130472
31.356,33.5143,-72.3538,112.211,0.196348,0.980421,0.00601821,-0.0136607
31.4659,33.5143,-72.5631,112.203,0.194534,0.98077,0.00485688,-0.0149583
31.5659,33.9386,-72.7724,112.198,0.193405,0.98099,0.00376449,-0.0154897
31.676,33.9386,-72.9817,112.198,0.192289,0.981214,0.00419244,-0.0150699
31.7759,33.9386,-73.1911,112.2,0.192029,0.981266,0.00490345,-0.0147844
31.8759,33.9386,-73.4004,112.201,0.192971,0.981094,0.0059177,-0.0134718
31.9859,34.3628,-73.6097,112.204,0.193881,0.980923,0.0071953,-0.0121583
32.0859,34.3628,-73.819,112.204,0.194352,0.980813,0.00811653,-0.0129205
32.1959,34.3628,-73.9586,112.205,0.19583,0.980487,0.00917579,-0.0145513
32.2961,34.3628,-74.0981,112.208,0.197071,0.980224,0.00994546,-0.0149629
32.3959,34.3628,-74.2376,112.209,0.197804,0.980076,0.0102454,-0.0148044
32.5058,34.3628,-74.3074,112.208,0.199147,0.979812,0.0102617,-0.0142759
32.6058,34.787,-74.447,112.206,0.200648,0.979505,0.0105363,-0.0141191
32.7158,34.787,-74.5865,112.204,0.201811,0.979261,0.0108034,-0.0142816
32.816,34.787,-74.6563,112.202,0.202968,0.979017,0.0109274,-0.0144881
32.9158,34.787,-74.7261,112.2,0.204291,0.978739,0.0111696,-0.014503
33.0258,34.787,-74.7958,112.198,0.205426,0.978499,0.0113414,-0.0145204
33.1257,34.787,-74.8656,112.196,0.206432,0.978285,0.0112736,-0.0147244
33.2257,34.787,-74.9354,112.195,0.207642,0.978025,0.0113125,-0.0149769
33.3359,34.787,-75.0051,112.193,0.208936,0.977744,0.0114826,-0.0151946
33.4357,35.2113,-75.0051,112.192,0.210012,0.977509,0.011617,-0.0153899
33.5457,35.2113,-75.0749,112.19,0.211407,0.977201,0.0117222,-0.0157138
33.6457,35.2113,-75.1447,112.187,0.212716,0.976915,0.0116825,-0.0158868
33.7456,35.2113,-75.2145,112.185,0.213897,0.976654,0.0117301,-0.0160655
33.8557,35.2113,-75.2842,112.183,0.215227,0.976355,0.0118937,-0.0163219
33.9556,35.2113,-75.2842,112.181,0.216552,0.976057,0.0121058,-0.0164653
34.0656,35.2113,-75.354,112.179,0.217858,0.975765,0.012121,-0.0165172
34.1656,35.2113,-75.4238,112.177,0.2191,0.97549,0.0120845,-0.0164097
34.2656,35.2113,-75.4935,112.175,0.220411,0.975194,0.0122312,-0.0162899
34.3756,35.2113,-75.5633,112.173,0.221708,0.974898,0.0125269,-0.0162211
34.4756,35.6355,-75.5633,112.171,0.222983,0.974603,0.012694,-0.0163139
34.5856,35.6355,-75.6331,112.169,0.224367,0.974284,0.0129342,-0.0162474
34.6855,35.6355,-75.7029,112.167,0.225564,0.974008,0.0130707,-0.0160922
34.7855,35.6355,-75.7726,112.164,0.226753,0.973732,0.0131088,-0.0160406
34.8956,35.6355,-75.8424,112.162,0.228101,0.973418,0.013197,-0.0159228
34.9956,35.6355,-75.8424,112.16,0.229283,0.973137,0.0133339,-0.0159987
35.0955,35.6355,-75.9122,112.158,0.230444,0.972859,0.0135254,-0.0160345
35.2055,35.6355,-75.9819,112.156,0.231787,0.972534,0.0138525,-0.0161662
35.3055,35.6355,-76.0517,112.155,0.232914,0.972259,0.0141812,-0.0162301
35.4155,36.0597,-76.0517,112.153,0.234098,0.97197,0.0144293,-0.0162478
35.5154,36.0597,-76.1215,112.151,0.235297,0.97168,0.0143893,-0.0162986
35.6154,36.0597,-76.1913,112.148,0.236406,0.971412,0.0143671,-0.016271
35.7254,36.0597,-76.261,112.145,0.237643,0.971114,0.014188,-0.0161801
35.8255,36.0597,-76.261,112.143,0.238841,0.970822,0.0141212,-0.016136
35.9355,36.0597,-76.3308,112.14,0.240233,0.970479,0.0141467,-0.0160879
36.0354,36.0597,-76.4006,112.138,0.241604,0.970137,0.0142351,-0.0160773
36.1354,36.0597,-76.4704,112.135,0.243013,0.969784,0.0142971,-0.0161247
36.2453,36.484,-76.5401,112.132,0.244628,0.969378,0.0142829,-0.0161179
36.3454,36.484,-76.6099,112.129,0.246141,0.968993,0.014283,-0.0162309
36.4453,36.484,-76.6797,112.126,0.24781,0.968566,0.0143116,-0.0162732
36.5553,36.484,-76.7494,112.123,0.249669,0.968088,0.0143184,-0.0163072
36.6553,36.484,-76.8192,112.12,0.251336,0.967656,0.0142878,-0.0163711
36.7653,36.484,-76.9588,112.117,0.253347,0.967126,0.0144176,-0.0165617
36.8653,36.484,-77.0285,112.114,0.255218,0.966629,0.0145225,-0.0167591
36.9653,36.9082,-77.0983,112.111,0.257067,0.966136,0.014488,-0.0169849
37.0752,36.9082,-77.1681,112.108,0.259198,0.965561,0.0145394,-0.0172524
37.1752,36.9082,-77.3076,112.104,0.261192,0.965018,0.0144185,-0.0176256
37.2852,36.9082,-77.3774,112.1,0.263297,0.964443,0.0141749,-0.0179617
37.3853,36.9082,-77.5169,112.096,0.265057,0.96396,0.0139379,-0.0182178
37.4852,37.3324,-77.5867,112.092,0.266642,0.963515,0.0137121,-0.0187666
37.5952,37.3324,-77.7263,112.088,0.268143,0.963095,0.0133703,-0.0191977
37.6953,37.3324,-77.8658,112.085,0.269136,0.962816,0.0133117,-0.0193454
37.7954,37.3324,-77.9356,112.081,0.269961,0.962588,0.0133572,-0.0191426
37.9052,37.7567,-78.0751,112.078,0.270667,0.962394,0.0132818,-0.0189788
38.0051,37.7567,-78.2147,112.074,0.271172,0.962255,0.0130802,-0.0189857
38.1151,37.7567,-78.3542,112.069,0.271657,0.962109,0.0129503,-0.0195098
38.2151,37.7567,-78.4938,112.066,0.27203,0.961993,0.0129673,-0.0199997
38.3152,38.1809,-78.6333,112.063,0.272252,0.961935,0.0128069,-0.0199105
38.425,38.1809,-78.8426,112.059,0.272227,0.961954,0.0125755,-0.019454
38.5251,38.1809,-78.9822,112.056,0.272028,0.962008,0.0125651,-0.0195774
38.635,38.1809,-79.1217,112.052,0.271725,0.962095,0.012408,-0.0196042
38.735,38.6051,-79.331,112.049,0.271338,0.962202,0.0125572,-0.0196101
38.835,38.6051,-79.4706,112.047,0.270891,0.962326,0.0127935,-0.0195677
38.945,38.6051,-79.6799,112.044,0.270359,0.962463,0.012929,-0.0200798
39.045,39.0294,-79.8194,112.042,0.269553,0.962669,0.01314,-0.0208979
39.145,39.0294,-79.959,112.041,0.268683,0.962892,0.0135008,-0.0215781
39.2549,39.0294,-80.1683,112.039,0.267956,0.963077,0.0139383,-0.0220852
39.355,39.4536,-80.3776,112.036,0.26767,0.963158,0.0141697,-0.0218707
39.4649,39.4536,-80.5869,112.031,0.267515,0.96322,0.0136109,-0.0214129
39.5649,39.4536,-80.7265,112.028,0.267789,0.963161,0.0128839,-0.0210862
39.665,39.8778,-80.9358,112.026,0.268776,0.962892,0.0129074,-0.0207839
39.7749,39.8778,-81.1451,112.024,0.270419,0.962415,0.0136159,-0.021119
39.8749,39.8778,-81.3544,112.022,0.272499,0.961819,0.0139669,-0.0212826
39.9848,40.302,-81.5637,112.019,0.275476,0.96097,0.0139452,-0.0213454
40.0848,40.302,-81.7033,112.015,0.278277,0.96016,0.0142132,-0.0212752
40.1848,40.302,-81.9126,112.011,0.281433,0.959219,0.0149468,-0.0216979
40.295,40.7263,-82.1219,112.009,0.2852,0.958076,0.0158112,-0.0223724
40.395,40.7263,-82.3312,112.007,0.288809,0.956963,0.0165706,-0.0231704
40.495,41.1505,-82.4708,112.003,0.292326,0.955871,0.017144,-0.0237116
40.6048,41.1505,-82.6801,111.999,0.29616,0.954678,0.0177507,-0.0237503
40.7048,41.1505,-82.8894,111.998,0.299133,0.953747,0.0186253,-0.0232251
40.8148,41.5747,-83.0289,111.997,0.301674,0.952914,0.0197653,-0.0235923
40.9148,41.5747,-83.2383,111.995,0.30357,0.952263,0.0207914,-0.0246599
41.0147,41.5747,-83.3778,111.991,0.304791,0.951824,0.0216202,-0.0258085
41.1247,41.999,-83.5871,111.988,0.305424,0.951599,0.0219416,-0.0263584
41.2248,41.999,-83.7964,111.984,0.304979,0.95174,0.0219804,-0.0263549
41.3249,41.999,-83.936,111.979,0.303558,0.952192,0.0219547,-0.0264751
41.4347,42.4232,-84.1453,111.973,0.301217,0.952925,0.0216316,-0.027104
41.5347,42.4232,-84.2848,111.968,0.298058,0.953912,0.0211426,-0.0276738
41.6447,42.8474,-84.4942,111.963,0.293561,0.955348,0.0197137,-0.0272679
41.7446,42.8474,-84.6337,111.957,0.2893,0.956687,0.0181582,-0.0269522
41.8447,42.8474,-84.843,111.951,0.284505,0.95814,0.0171814,-0.0270006
41.9546,43.2717,-85.0523,111.946,0.278425,0.959888,0.0167296,-0.0285305
42.0546,43.2717,-85.1919,111.942,0.272507,0.961547,0.0162521,-0.030036
42.1546,43.2717,-85.4012,111.938,0.266274,0.963287,0.015268,-0.0306976
42.2646,43.6959,-85.5407,111.934,0.25907,0.965286,0.0142435,-0.0300596
42.3646,43.6959,-85.7501,111.931,0.252213,0.967114,0.0135459,-0.029924
42.4746,43.6959,-85.9594,111.925,0.244005,0.969184,0.0123981,-0.0314622
42.5745,44.1201,-86.0989,111.918,0.236504,0.970971,0.0110658,-0.0340438
42.6745,44.1201,-86.3082,111.911,0.22895,0.97276,0.00920294,-0.0351459
42.7846,44.1201,-86.5176,111.909,0.220648,0.974715,0.00739473,-0.034504
42.8845,44.5444,-86.7269,111.911,0.212926,0.976501,0.0065894,-0.0326306
42.9845,44.5444,-86.9362,111.913,0.204853,0.978279,0.00585208,-0.0311572
43.0946,44.5444,-87.2153,111.913,0.196171,0.98009,0.00536778,-0.0301863
43.1946,44.5444,-87.4246,111.913,0.188873,0.981548,0.00503544,-0.0294109
43.3046,44.9686,-87.7037,111.914,0.181617,0.982945,0.00444955,-0.028537
43.4045,44.9686,-87.9828,111.914,0.176192,0.983959,0.00412652,-0.0276266
43.5044,44.9686,-88.1921,111.915,0.172022,0.98473,0.0041523,-0.0264138
43.6144,45.3928,-88.4712,111.917,0.168989,0.985281,0.0039933,-0.0254575
43.7143,45.3928,-88.7503,111.919,0.167342,0.985577,0.00417177,-0.0248506
43.8244,45.3928,-89.0991,111.92,0.166141,0.98579,0.00463551,-0.0243816
43.9244,45.8171,-89.3782,111.921,0.165296,0.985943,0.00474286,-0.0238999
44.0243,45.8171,-89.6573,111.921,0.165292,0.98595,0.00432754,-0.0236922
44.1343,45.8171,-90.0062,111.921,0.16622,0.985804,0.00402557,-0.0233728
44.2343,46.2413,-90.2853,111.921,0.167526,0.985598,0.0042264,-0.0226855
44.3445,46.2413,-90.6341,111.922,0.169752,0.985237,0.00402628,-0.0218295
44.4442,46.2413,-90.983,111.923,0.171956,0.984868,0.00366261,-0.0212592
44.5443,46.6655,-91.3318,111.924,0.173665,0.984582,0.00366678,-0.0206246
44.6543,46.6655,-91.6807,111.923,0.175699,0.984227,0.00363772,-0.0203266
44.7543,46.6655,-92.0296,111.922,0.177762,0.983873,0.00334976,-0.0195913
44.8642,47.0898,-92.3784,111.922,0.17981,0.983508,0.00310777,-0.0192492
44.9642,47.0898,-92.7273,111.922,0.181866,0.983128,0.00338693,-0.01932
45.0643,47.514,-93.0761,111.923,0.184037,0.982733,0.00354465,-0.0188276
45.1742,47.514,-93.4948,111.927,0.186233,0.98233,0.00401974,-0.0181498
45.2742,47.9382,-93.8436,111.929,0.188247,0.981964,0.00445808,-0.0170196
45.3842,47.9382,-94.2623,111.929,0.19042,0.981543,0.00452864,-0.0171006
45.4842,47.9382,-94.6111,111.93,0.192207,0.981198,0.0049634,-0.0167922
45.5841,48.3625,-95.0298,111.93,0.193943,0.980841,0.00545848,-0.0175526
45.6941,48.3625,-95.4484,111.928,0.195712,0.980466,0.00573601,-0.0187339
45.7942,48.7867,-95.7973,111.93,0.197518,0.980082,0.00686097,-0.0194475
45.8944,48.7867,-96.2159,111.932,0.199165,0.979742,0.00770751,-0.0194991
46.0041,49.2109,-96.6345,111.935,0.200729,0.979399,0.00934446,-0.0199462
46.104,49.2109,-97.0532,111.935,0.201903,0.979126,0.0103688,-0.0209634
46.214,49.6352,-97.4718,111.935,0.20334,0.978794,0.0108989,-0.0222928
46.3141,49.6352,-97.8904,111.934,0.204464,0.978539,0.0114925,-0.0229067
46.4141,50.0594,-98.3091,111.932,0.205282,0.978327,0.011935,-0.0243557
46.524,50.4836,-98.7277,111.929,0.205566,0.978226,0.0115771,-0.0261372
46.624,50.4836,-99.1463,111.925,0.205574,0.978181,0.0110846,-0.0278916
46.7339,50.9078,-99.565,111.922,0.205388,0.978195,0.0116745,-0.0285425
46.834,50.9078,-99.9138,111.922,0.205224,0.978222,0.0127739,-0.0283314
46.9339,50.9078,-100.332,111.922,0.205049,0.978217,0.0140116,-0.029139
47.0439,51.3321,-100.751,111.921,0.204755,0.978226,0.0153849,-0.0302062
47.1439,51.7563,-101.17,111.922,0.204543,0.978301,0.0153385,-0.0292183
47.244,51.7563,-101.519,111.919,0.204526,0.978354,0.0141265,-0.0281656
47.3539,52.1805,-101.937,111.912,0.204162,0.978449,0.0125904,-0.0282459
47.4539,52.1805,-102.356,111.908,0.203808,0.978479,0.0122148,-0.0298486
47.5639,52.6048,-102.774,111.901,0.203278,0.978531,0.0115352,-0.0319808
47.6638,52.6048,-103.123,111.894,0.202895,0.978647,0.00986832,-0.0314162
47.7638,52.6048,-103.472,111.895,0.203206,0.978684,0.00906638,-0.0283191
47.8738,53.029,-103.891,111.896,0.203133,0.978765,0.00829369,-0.0262281
47.9738,53.029,-104.24,111.896,0.203166,0.978746,0.00856028,-0.026579
48.0838,53.4532,-104.658,111.896,0.203709,0.978585,0.00946836,-0.0279898
48.1838,53.4532,-105.007,111.895,0.204909,0.978323,0.00954789,-0.0283721
48.2838,53.8775,-105.426,111.896,0.206716,0.977995,0.00931263,-0.0266181
48.3939,53.8775,-105.775,111.899,0.209042,0.977548,0.0096784,-0.0246412
48.4938,54.3017,-106.124,111.901,0.211572,0.977011,0.00983787,-0.0242931
48.5938,54.3017,-106.472,111.901,0.214724,0.976315,0.00999914,-0.0245572
48.7038,54.7259,-106.891,111.898,0.218447,0.975466,0.00965377,-0.0255718
48.8038,54.7259,-107.17,111.896,0.221504,0.974764,0.00963382,-0.026048
48.9137,54.7259,-107.589,111.897,0.224963,0.973965,0.0106136,-0.0259119
49.0137,55.1502,-107.938,111.897,0.228124,0.973234,0.011221,-0.0254878
49.1137,55.1502,-108.217,111.898,0.231149,0.972521,0.0119194,-0.0251094
49.2237,55.5744,-108.566,111.9,0.234491,0.971714,0.0125887,-0.02503
49.3238,55.5744,-108.914,111.9,0.237437,0.970991,0.012915,-0.0251667
49.4337,55.9986,-109.263,111.9,0.24041,0.970244,0.0136375,-0.0253549
49.5336,55.9986,-109.612,111.9,0.243007,0.969585,0.0140061,-0.025615
49.6336,55.9986,-109.891,111.897,0.245558,0.96895,0.0139924,-0.0253392
49.7437,56.4229,-110.17,111.894,0.248048,0.968321,0.0142641,-0.0249701
49.8436,56.4229,-110.519,111.893,0.24994,0.967832,0.0143618,-0.0250039
49.9536,56.4229,-110.868,111.892,0.251811,0.967338,0.0143566,-0.0253577
50.0535,56.8471,-111.147,111.891,0.253097,0.967001,0.0145444,-0.0252647
50.1536,56.8471,-111.426,111.89,0.254124,0.966734,0.0147348,-0.0250657
50.2635,56.8471,-111.705,111.889,0.254918,0.966527,0.0149066,-0.0249063
50.3636,56.8471,-112.054,111.887,0.255249,0.966444,0.0146121,-0.0249212
50.4636,56.8471,-112.333,111.885,0.255318,0.966438,0.0141061,-0.0247202
50.5735,56.8471,-112.682,111.882,0.255044,0.966533,0.0134941,-0.0241689
50.6735,56.8471,-112.961,111.879,0.254457,0.966688,0.0130044,-0.024423
50.7835,56.8471,-113.24,111.878,0.253556,0.966923,0.0123851,-0.024811
50.8836,57.2713,-113.519,111.878,0.252527,0.967186,0.0120839,-0.0251914
50.9834,57.2713,-113.798,111.877,0.2512,0.967545,0.0116048,-0.0249164
51.0935,57.2713,-114.078,111.875,0.249339,0.968035,0.0111845,-0.0247444
51.1935,57.2713,-114.287,111.873,0.247176,0.968592,0.0107339,-0.0248707
51.2936,57.2713,-114.566,111.872,0.24486,0.969173,0.0104943,-0.0252253
51.4035,57.2713,-114.775,111.871,0.242195,0.969851,0.0104409,-0.0249261
51.5034,57.2713,-114.985,111.871,0.239792,0.970461,0.0101848,-0.0245277
51.6134,57.6956,-115.264,111.871,0.237188,0.971116,0.0101429,-0.0239111
51.7134,57.6956,-115.473,111.87,0.234853,0.971689,0.00992607,-0.0238058
51.8135,57.6956,-115.682,111.87,0.232449,0.97227,0.0095493,-0.0238132
51.9233,57.6956,-115.961,111.873,0.229954,0.97286,0.00983787,-0.0238362
52.0234,57.6956,-116.171,111.875,0.227667,0.973399,0.0105002,-0.0235044
52.1333,57.6956,-116.45,111.876,0.225267,0.97395,0.0112349,-0.0234394
52.2333,57.6956,-116.659,111.876,0.222962,0.974472,0.0114664,-0.0236838
52.3335,57.6956,-116.868,111.875,0.220728,0.974969,0.01152,-0.0240991
52.4433,57.6956,-117.148,111.874,0.218422,0.975484,0.0114852,-0.0243195
52.5432,57.6956,-117.357,111.873,0.216395,0.975941,0.0113605,-0.0241561
52.6433,57.6956,-117.566,111.872,0.214309,0.976411,0.0110643,-0.0238952
52.7532,57.6956,-117.845,111.871,0.212056,0.976905,0.0109292,-0.023849
52.8532,57.6956,-118.124,111.873,0.21009,0.977329,0.0106149,-0.0240252
52.9632,57.6956,-118.403,111.876,0.20797,0.977788,0.010242,-0.0239585
53.0632,57.6956,-118.613,111.879,0.205964,0.978218,0.0104168,-0.0236657
53.1632,57.6956,-118.822,111.881,0.204012,0.97863,0.0103595,-0.0235502
53.2731,57.6956,-119.101,111.881,0.201983,0.979054,0.00971252,-0.0237082
53.3732,57.6956,-119.311,111.882,0.200349,0.979395,0.00914297,-0.0237108
53.4831,58.544,-119.38,111.792,0.198805,0.979707,0.00879999,-0.02396
53.5832,58.9683,-119.59,111.689,0.197655,0.979943,0.00835137,-0.0239521
53.6831,58.9683,-119.799,111.641,0.196614,0.98015,0.00812881,-0.0241315
53.7933,58.9683,-120.008,111.61,0.19559,0.980348,0.00784706,-0.0245138
53.8932,58.544,-120.287,111.697,0.194935,0.980478,0.00764525,-0.0245956
53.9931,58.9683,-120.497,111.752,0.194548,0.980566,0.00752457,-0.0241829
54.1031,58.544,-120.776,111.831,0.194713,0.98055,0.00719299,-0.0235914
54.2031,58.544,-120.985,111.769,0.195362,0.980428,0.007012,-0.0233644
54.313,58.9683,-121.194,111.679,0.19663,0.98017,0.00712149,-0.0235117
54.4131,58.9683,-121.404,111.645,0.198166,0.979855,0.00728233,-0.0237029
54.513,58.9683,-121.613,111.615,0.199905,0.979501,0.00731865,-0.0237268
54.623,58.9683,-121.822,111.589,0.201935,0.979088,0.00712073,-0.0236314
54.723,58.9683,-122.032,111.582,0.203826,0.978699,0.00707499,-0.0235365
54.833,58.9683,-122.241,111.6,0.20578,0.978287,0.00693637,-0.0237028
54.933,58.9683,-122.38,111.635,0.207607,0.977893,0.00675261,-0.0240663
55.0329,58.9683,-122.59,111.64,0.209435,0.977501,0.00672353,-0.024161
55.143,58.9683,-122.799,111.62,0.211326,0.977096,0.00680825,-0.0240518
55.2429,59.3925,-122.939,111.604,0.212994,0.976726,0.00703815,-0.0243177
55.353,59.3925,-123.078,111.618,0.214827,0.976308,0.00765277,-0.0247657
55.4529,59.3925,-123.288,111.643,0.216462,0.975937,0.00808552,-0.0250199
55.5529,59.3925,-123.427,111.655,0.218031,0.975588,0.00827816,-0.0249446
55.6629,59.3925,-123.567,111.687,0.219679,0.975225,0.00839914,-0.0246418
55.7628,59.3925,-123.706,111.705,0.221244,0.974873,0.00864291,-0.0244651
55.8729,59.3925,-123.846,111.763,0.222789,0.974521,0.00888541,-0.0244012
55.9728,59.8167,-123.985,111.815,0.224209,0.97419,0.00917231,-0.0245161
56.0728,59.8167,-124.125,111.86,0.225582,0.973866,0.00952765,-0.0246331
56.1828,59.8167,-124.264,111.958,0.227164,0.973493,0.00985404,-0.024735
56.2828,59.8167,-124.334,112.03,0.228436,0.973197,0.0100703,-0.0245614
56.3929,59.8167,-124.474,112.083,0.229808,0.972883,0.0102534,-0.024128
56.4928,59.8167,-124.613,112.081,0.230981,0.972615,0.0103534,-0.0236683
56.5928,59.8167,-124.683,112.071,0.232214,0.972323,0.010626,-0.0235032
56.7027,60.241,-124.823,112.015,0.233376,0.972033,0.0110458,-0.0237655
56.8029,60.241,-124.962,111.939,0.23439,0.971786,0.0113324,-0.0237767
56.9027,60.241,-125.102,111.97,0.235297,0.971573,0.0114776,-0.0234504
57.0126,60.241,-125.171,112.003,0.236101,0.97138,0.0116676,-0.0232478
57.1126,60.241,-125.311,112.024,0.236703,0.971224,0.0119224,-0.0235102
57.2226,60.241,-125.45,112.047,0.237208,0.971085,0.0121627,-0.0240698
57.3228,60.241,-125.52,112.06,0.237462,0.971014,0.0122436,-0.0243514
57.4227,60.241,-125.66,112.057,0.23758,0.970987,0.012239,-0.024304
57.5326,60.2409,-125.799,112.067,0.237722,0.970952,0.0121812,-0.02431
57.6326,60.6652,-125.869,112.11,0.237705,0.970955,0.0123409,-0.024305
57.7426,60.6652,-126.009,112.155,0.237698,0.970949,0.0126551,-0.024436
57.8426,60.6652,-126.078,112.18,0.237707,0.970943,0.0127564,-0.0245465
57.9426,60.6652,-126.218,112.254,0.237599,0.970964,0.0129447,-0.0246376
58.0526,60.6652,-126.357,112.301,0.237424,0.971006,0.0131181,-0.0246062
58.1525,60.6652,-126.497,112.315,0.237426,0.971011,0.0130922,-0.0243882
58.2626,60.6652,-126.567,112.291,0.237412,0.971019,0.0134118,-0.0240581
58.3625,60.6652,-126.706,112.298,0.237167,0.971074,0.0139378,-0.0239286
58.4625,60.6652,-126.846,112.326,0.237029,0.971106,0.0143483,-0.0237473
58.5725,60.6652,-126.916,112.337,0.237022,0.971118,0.0145877,-0.0231709
58.6725,60.6652,-127.055,112.332,0.237023,0.971134,0.0145679,-0.022526
58.7725,61.0894,-127.195,112.314,0.237026,0.97114,0.0145219,-0.022248
58.8825,61.0894,-127.334,112.298,0.23694,0.971159,0.0146599,-0.0222435
58.9825,61.0894,-127.404,112.265,0.236777,0.971202,0.0147024,-0.0220577
59.0925,61.0894,-127.544,112.198,0.236539,0.971269,0.0147845,-0.02163
59.1925,61.0894,-127.683,112.142,0.236381,0.971315,0.0146973,-0.0213493
59.2925,61.0894,-127.823,112.102,0.236172,0.971368,0.0144479,-0.0213965
59.4025,61.0894,-127.892,112.101,0.236203,0.971365,0.0144645,-0.0211946
59.5024,61.0894,-128.032,112.107,0.236137,0.971386,0.0146956,-0.0207744
59.6124,61.0894,-128.172,112.074,0.236209,0.971368,0.0148924,-0.0207074
59.7123,61.0894,-128.311,112.028,0.23639,0.971313,0.0149928,-0.0211256
59.8125,61.0894,-128.381,111.99,0.236901,0.971166,0.0151753,-0.0220143
59.9223,61.0894,-128.52,111.962,0.237771,0.970927,0.0155268,-0.0229147
60.0223,61.0894,-128.66,111.929,0.238889,0.970635,0.015923,-0.0233937
60.1323,61.0894,-128.73,111.873,0.24024,0.9703,0.0160668,-0.0233574
60.2323,61.5136,-128.869,111.814,0.241533,0.969987,0.0160354,-0.023026
60.3324,61.5137,-128.939,111.761,0.24294,0.969662,0.0159172,-0.0219695
60.4422,61.5136,-129.079,111.719,0.244085,0.969394,0.0156043,-0.0213112
60.5423,61.5136,-129.148,111.695,0.245117,0.969146,0.0151516,-0.0210667
60.6522,61.5136,-129.288,111.656,0.246344,0.968835,0.0149358,-0.0212133
60.7522,61.5136,-129.358,111.622,0.247516,0.96853,0.0149327,-0.0215208
60.8522,61.5137,-129.427,111.604,0.248575,0.96824,0.0152039,-0.0221577
60.9621,61.9379,-129.567,111.61,0.24973,0.967948,0.0152179,-0.0219228
61.0622,61.9379,-129.637,111.609,0.250657,0.967755,0.0145248,-0.0202292
61.1722,61.9379,-129.776,111.598,0.251638,0.967537,0.0139542,-0.0188502
61.2721,61.9379,-129.846,111.561,0.252485,0.967332,0.0138207,-0.0181295
61.3722,61.9379,-129.986,111.535,0.253331,0.967104,0.0139332,-0.0184182
61.4821,61.9379,-130.125,111.53,0.253852,0.966955,0.0142189,-0.0188339
61.5821,61.9379,-130.195,111.53,0.254384,0.966813,0.0143234,-0.0188484
61.6821,61.9379,-130.335,111.543,0.255136,0.966634,0.0144461,-0.017782
61.7922,61.9379,-130.474,111.548,0.255624,0.966519,0.0149617,-0.0165323
61.8922,61.9379,-130.544,111.555,0.255984,0.966434,0.0153719,-0.0155365
62.002,62.3621,-130.683,111.581,0.256454,0.96629,0.016534,-0.0155435
62.1021,62.3621,-130.823,111.604,0.256475,0.966237,0.0177694,-0.0170785
62.202,62.3621,-130.893,111.63,0.256097,0.966295,0.018507,-0.0186036
62.3121,62.3621,-131.032,111.65,0.255678,0.966406,0.0184258,-0.0186868
62.412,62.3621,-131.172,111.712,0.25475,0.966682,0.0177492,-0.0176942
62.522,62.3621,-131.311,111.761,0.253629,0.967016,0.0168299,-0.0164346
62.6219,62.3621,-131.451,111.805,0.252956,0.96721,0.0163819,-0.0157708
62.7219,62.7863,-131.521,111.832,0.25195,0.967471,0.0165856,-0.0157089
62.832,62.7863,-131.66,111.867,0.250864,0.967749,0.016928,-0.0155589
62.9319,62.7863,-131.8,111.906,0.250475,0.96785,0.0169574,-0.0155337
63.0419,62.7863,-131.939,111.951,0.250152,0.967928,0.0167552,-0.0161004
63.1419,62.7863,-132.009,111.981,0.250592,0.967803,0.0170511,-0.016457
63.2419,62.7863,-132.149,112.005,0.251373,0.967605,0.0178289,-0.0153177
63.3521,62.7864,-132.288,112.02,0.251612,0.967532,0.0182241,-0.0155127
63.4519,62.7863,-132.358,112.039,0.252559,0.967278,0.0183659,-0.015791
63.5518,63.2106,-132.428,112.05,0.253442,0.967031,0.0185761,-0.0165193
63.6619,63.2106,-132.497,112.05,0.253813,0.966915,0.0186182,-0.017541
63.7618,63.2106,-132.567,112.057,0.254455,0.966733,0.0187421,-0.0181199
63.8719,63.2106,-132.637,112.076,0.255268,0.966495,0.0194732,-0.0186137
63.9718,63.2106,-132.637,112.091,0.255377,0.966447,0.0200615,-0.0189877
64.0718,63.2106,-132.707,112.099,0.255659,0.966362,0.0202566,-0.0193263
64.1818,63.2106,-132.707,112.107,0.256067,0.966261,0.0203067,-0.0188935
64.2817,63.2106,-132.707,112.123,0.255807,0.96634,0.0198881,-0.0188299
64.3919,63.2106,-132.707,112.149,0.255748,0.966376,0.0187344,-0.0189414
64.4918,63.2106,-132.707,112.16,0.255804,0.96637,0.0181204,-0.0190942
64.5917,63.2106,-132.707,112.164,0.255624,0.966412,0.0184647,-0.0190371
64.7017,62.7863,-132.707,112.16,0.255596,0.966415,0.0186107,-0.0191427
64.8018,62.7863,-132.707,112.166,0.25554,0.966431,0.0184516,-0.019217
64.9017,62.7863,-132.707,112.19,0.25547,0.966447,0.0187535,-0.0190773
65.0116,62.7863,-132.707,112.21,0.255529,0.96643,0.0188194,-0.0190668
65.1116,62.7863,-132.707,112.222,0.255435,0.966457,0.0186147,-0.0191889
65.2217,62.7863,-132.707,112.218,0.255393,0.966466,0.0187784,-0.0191261
65.3219,62.7863,-132.707,112.222,0.255411,0.966461,0.0187836,-0.0191048
65.4216,62.7863,-132.707,112.234,0.25537,0.966472,0.0186925,-0.0191765
65.5316,62.7864,-132.777,112.252,0.255516,0.966433,0.0187,-0.0191874
65.6316,62.7864,-132.777,112.26,0.255533,0.966428,0.0187534,-0.0191726
65.7415,62.7864,-132.777,112.269,0.25555,0.966424,0.01872,-0.0191817
65.8416,62.7864,-132.777,112.274,0.255569,0.966419,0.0186814,-0.0192097
65.9416,62.7864,-132.777,112.281,0.255618,0.966405,0.0187398,-0.0192287
66.0515,62.7864,-132.777,112.28,0.255789,0.96636,0.0187577,-0.0192138
66.1565,62.7864,-132.777,112.278,0.255828,0.966349,0.0187607,-0.0192373
66.2615,62.7864,-132.777,112.276,0.255867,0.966338,0.0187638,-0.0192608
66.3616,62.7864,-132.777,112.279,0.255881,0.966333,0.0188293,-0.0192531
66.4615,62.7864,-132.777,112.289,0.256015,0.966299,0.0187747,-0.0192589
66.5715,62.7864,-132.777,112.297,0.256089,0.966278,0.0187772,-0.0192887
66.6714,62.7864,-132.777,112.314,0.256155,0.96626,0.0188165,-0.0193079
66.7815,62.7864,-132.777,112.324,0.256206,0.966246,0.0187983,-0.0193161
66.8815,62.7864,-132.777,112.352,0.256273,0.966228,0.0188143,-0.0193177
66.9814,62.7864,-132.777,112.374,0.256337,0.966211,0.0188262,-0.0193213
67.0914,62.7864,-132.777,112.401,0.256423,0.966188,0.0188573,-0.0193155
67.1914,62.7863,-132.846,112.423,0.256459,0.966179,0.0187934,-0.0193185
67.3016,62.7863,-132.846,112.446,0.256519,0.966163,0.018822,-0.0193018
67.4014,62.7863,-132.846,112.469,0.256637,0.966131,0.0188544,-0.0193231
67.5014,62.3621,-132.846,112.488,0.256677,0.966122,0.018817,-0.0192854
67.6113,62.3621,-132.846,112.508,0.256758,0.966099,0.0188628,-0.019316
67.7113,62.3621,-132.846,112.538,0.25677,0.966094,0.0188665,-0.0193681
67.8215,62.3621,-132.846,112.59,0.256883,0.966063,0.0188639,-0.0194117
67.9213,62.3621,-132.846,112.645,0.256961,0.966042,0.01891,-0.0194123
68.0213,62.3621,-132.846,112.725,0.257017,0.966026,0.0189362,-0.0194356
68.1313,62.3621,-132.846,112.755,0.257105,0.966001,0.018992,-0.0194526
68.2312,62.3621,-132.916,112.811,0.257142,0.96599,0.0189847,-0.0195228
68.3414,62.3621,-132.916,112.85,0.257185,0.965978,0.019004,-0.0194979
68.4412,62.3621,-132.916,112.908,0.257219,0.965968,0.0190369,-0.0195445
68.5412,62.3621,-132.916,112.943,0.257276,0.965952,0.0190331,-0.0195737
68.6512,62.3621,-132.916,112.986,0.257285,0.965949,0.0190729,-0.0195961
68.7512,62.3621,-132.916,113.007,0.2573,0.965946,0.0190257,-0.0196017
68.8612,62.3621,-132.916,113.034,0.257312,0.96594,0.0190805,-0.0196356
68.9612,62.3621,-132.916,113.055,0.257298,0.965944,0.0190834,-0.019652
69.0612,62.3621,-132.916,113.073,0.257297,0.965946,0.019091,-0.0195637
69.1711,62.3621,-132.916,113.094,0.257289,0.965947,0.0190826,-0.0196224
69.2711,62.3621,-132.916,113.11,0.257234,0.965961,0.0190872,-0.0196354
69.3711,62.3621,-132.916,113.135,0.257252,0.965957,0.0191007,-0.0196026
69.4811,62.3621,-132.916,113.157,0.257227,0.965964,0.0190737,-0.0196086
69.5811,62.3621,-132.986,113.189,0.257243,0.965959,0.0190851,-0.019611
69.6912,61.9379,-132.986,113.21,0.257204,0.96597,0.0190751,-0.0195987
69.7913,61.9379,-132.986,113.234,0.25722,0.965965,0.0190833,-0.0196201
69.8912,61.9379,-132.986,113.261,0.257224,0.965964,0.0190732,-0.0196207
70.001,61.9379,-132.986,113.29,0.257215,0.965967,0.019067,-0.0196038
70.101,61.9379,-132.986,113.309,0.257207,0.965968,0.0191038,-0.0196169
70.211,61.9379,-132.986,113.326,0.25724,0.96596,0.0190602,-0.0196306
70.3112,61.9379,-132.986,113.334,0.25725,0.965958,0.0190586,-0.0195962
70.411,61.9379,-132.986,113.345,0.257267,0.965954,0.0190418,-0.0195994
70.521,61.9379,-132.986,113.36,0.25731,0.965943,0.0190313,-0.0195675
70.621,61.9379,-132.986,113.369,0.25734,0.965935,0.0190881,-0.0195509
70.7309,61.9379,-132.986,113.386,0.257323,0.965939,0.0190547,-0.0196019
70.831,61.9379,-132.986,113.404,0.257348,0.965934,0.0190126,-0.0195615
70.9309,61.9379,-133.056,113.429,0.25735,0.965932,0.0190057,-0.0196016
71.0409,61.9379,-133.056,113.445,0.257395,0.965921,0.0189984,-0.0195931
71.1408,61.9379,-133.056,113.462,0.257397,0.965919,0.0190533,-0.0195971
71.2509,61.9379,-133.056,113.475,0.257427,0.965912,0.0190321,-0.0195883
71.3509,61.9379,-133.056,113.493,0.257471,0.965899,0.0190656,-0.0195917
71.4509,61.9379,-133.056,113.507,0.257522,0.965887,0.0189968,-0.0195788
71.5608,61.5136,-133.056,113.519,0.257519,0.965887,0.0190446,-0.0195604
71.6608,61.5136,-133.056,113.527,0.257503,0.965893,0.0190183,-0.0195309
71.7708,61.5136,-133.056,113.535,0.257572,0.965874,0.0190419,-0.0195102
71.8708,61.5136,-133.056,113.55,0.257579,0.965873,0.0190293,-0.019499
71.9708,61.5136,-133.056,113.561,0.257589,0.965871,0.0190129,-0.0194949
72.0808,61.5136,-133.056,113.574,0.257619,0.965863,0.0190075,-0.0195027
72.1808,61.5136,-133.056,113.581,0.257616,0.965863,0.0190146,-0.0195024
72.291,61.5136,-133.056,113.588,0.257611,0.965865,0.0190175,-0.0194965
72.3909,61.5136,-133.056,113.598,0.257639,0.965857,0.0190045,-0.019513
72.4907,61.5136,-133.056,113.617,0.257645,0.965855,0.0190407,-0.0194929
72.6007,61.5136,-133.125,113.628,0.257672,0.965848,0.0190398,-0.0194793
72.7007,61.5136,-133.125,113.64,0.257674,0.965847,0.0190324,-0.0195346
72.8008,61.5136,-133.125,113.648,0.257702,0.96584,0.019031,-0.0195247
72.9106,61.5136,-133.125,113.668,0.257728,0.965832,0.0190239,-0.0195521
73.0106,61.5136,-133.125,113.683,0.25787,0.965796,0.0188839,-0.0195951
73.1206,61.5136,-133.125,113.696,0.257971,0.965777,0.0183694,-0.0197072
73.2206,61.5136,-133.125,113.706,0.258044,0.965762,0.0180622,-0.0197582
73.3207,61.5136,-133.125,113.718,0.258235,0.965712,0.0179647,-0.019805
73.4306,61.5136,-133.195,113.74,0.25843,0.965663,0.0177338,-0.0198414
73.5305,61.5136,-133.195,113.753,0.258641,0.965614,0.0175452,-0.0196863
73.6406,61.5136,-133.265,113.769,0.258936,0.965546,0.0170486,-0.0195284
73.7406,61.5136,-133.265,113.779,0.259133,0.965518,0.0156645,-0.0195137
73.8405,61.5136,-133.335,113.793,0.25946,0.965457,0.0137878,-0.0195877
73.9505,61.5136,-133.404,113.805,0.259628,0.965459,0.0115955,-0.0186489
74.0505,61.5136,-133.544,113.816,0.259519,0.965526,0.00946466,-0.0178924
74.1605,61.5136,-133.614,113.823,0.259447,0.96556,0.00762869,-0.0179574
74.2605,61.5136,-133.753,113.834,0.259293,0.965597,0.00663326,-0.0185978
74.3607,61.9379,-133.893,113.848,0.258959,0.965697,0.00601625,-0.0182411
74.4705,61.9379,-134.032,113.869,0.258333,0.965903,0.00452181,-0.0165839
74.5704,61.9379,-134.242,113.885,0.257109,0.966264,0.00391332,-0.0146001
74.6804,61.9379,-134.381,113.902,0.255177,0.966778,0.00382424,-0.0144789
74.7804,61.9379,-134.591,113.911,0.253723,0.967135,0.00447734,-0.015944
74.8805,62.3621,-134.8,113.93,0.252456,0.967422,0.00540998,-0.0181861
74.9904,62.3621,-135.009,113.952,0.250295,0.967925,0.00682073,-0.0206669
75.0904,62.3621,-135.149,113.967,0.248219,0.968406,0.00817066,-0.0225936
75.2004,62.3621,-135.428,113.983,0.246385,0.968831,0.00916158,-0.0240311
75.3006,62.7863,-135.567,113.989,0.244495,0.969227,0.00978376,-0.0269286
75.4004,62.7863,-135.777,114.011,0.242895,0.969607,0.0112755,-0.0271464
75.5103,62.7863,-135.986,114.039,0.241767,0.969921,0.0154026,-0.0237502
75.6103,62.7863,-136.126,114.065,0.240188,0.970369,0.0176176,-0.0195648
75.7103,62.7863,-136.265,114.078,0.239337,0.970628,0.0180925,-0.0165019
75.8204,62.7863,-136.405,114.092,0.238567,0.970856,0.0179941,-0.0141878
75.9203,62.7863,-136.474,114.107,0.237236,0.971191,0.0172174,-0.0145331
76.0302,63.2106,-136.614,114.123,0.2364,0.971403,0.0154417,-0.0159274
76.1302,63.2106,-136.684,114.134,0.235735,0.97157,0.0141425,-0.0167436
76.2302,63.2106,-136.823,114.142,0.234177,0.971951,0.013551,-0.0169618
76.3403,63.2106,-136.893,114.155,0.232109,0.972433,0.0134897,-0.0177968
76.4402,63.2106,-137.033,114.17,0.230514,0.972801,0.0133611,-0.0185344
76.5502,63.2106,-137.102,114.187,0.228441,0.973282,0.0134232,-0.0188871
76.6501,63.2106,-137.242,114.198,0.226264,0.973797,0.0132703,-0.0186677
76.7501,63.2106,-137.312,114.21,0.224211,0.974282,0.0128998,-0.0183922
76.8602,63.2106,-137.451,114.224,0.221538,0.974876,0.0117659,-0.0199689
76.9601,63.2106,-137.521,114.242,0.219248,0.975381,0.010525,-0.0212269
77.0601,63.6348,-137.661,114.25,0.216801,0.975937,0.0092951,-0.0213982
77.1701,63.6348,-137.8,114.259,0.213535,0.976675,0.00824622,-0.0209894
77.2701,63.6348,-137.94,114.263,0.210239,0.977383,0.00773408,-0.0215031
77.3801,63.6348,-138.149,114.278,0.206711,0.978131,0.00694825,-0.0219349
77.4801,63.6348,-138.289,114.29,0.203333,0.978816,0.00608743,-0.0231806
77.5801,63.6348,-138.498,114.3,0.199656,0.979599,0.00479895,-0.0223524
77.6902,64.059,-138.707,114.311,0.196197,0.98031,0.00394619,-0.0219781
77.7901,64.059,-138.916,114.318,0.192798,0.98099,0.00335018,-0.0218213
77.9001,64.059,-139.196,114.342,0.188226,0.981859,0.00479059,-0.0223625
78,64.059,-139.405,114.364,0.184681,0.9825,0.00781569,-0.0229281
78.1001,64.059,-139.614,114.388,0.182283,0.982919,0.0113008,-0.0227134
78.21,64.4833,-139.893,114.405,0.180305,0.983321,0.0127143,-0.0202322
78.3102,64.4833,-140.103,114.418,0.179662,0.983492,0.013169,-0.0170681
78.41,64.4833,-140.382,114.432,0.179305,0.983616,0.0130269,-0.0134201
78.5199,64.4833,-140.591,114.448,0.179597,0.983579,0.0127171,-0.0125048
78.6199,64.4833,-140.87,114.46,0.180415,0.983417,0.013226,-0.0128913
78.7299,64.4833,-141.079,114.472,0.181887,0.983117,0.0135553,-0.0146399
78.8301,64.9075,-141.359,114.484,0.182656,0.982934,0.0144268,-0.0164349
78.9299,64.9075,-141.568,114.497,0.183484,0.982739,0.015115,-0.0181704
79.0399,64.9075,-141.847,114.508,0.185093,0.982419,0.0148106,-0.0193388
79.1399,64.9075,-142.056,114.507,0.186308,0.982207,0.012701,-0.0199181
79.2498,65.3317,-142.335,114.509,0.188032,0.981896,0.0118811,-0.019559
79.35,65.3317,-142.545,114.516,0.189913,0.981548,0.012789,-0.0182269
79.4498,65.3317,-142.824,114.53,0.191655,0.981206,0.0134693,-0.0179295
79.5598,65.3317,-143.103,114.547,0.193687,0.980717,0.01722,-0.0195689
79.6598,65.756,-143.382,114.568,0.194862,0.980383,0.01997,-0.0218866
79.7698,65.756,-143.661,114.577,0.196185,0.980085,0.0199301,-0.023396
79.8698,65.756,-143.94,114.59,0.197493,0.979906,0.0187034,-0.0207626
79.9698,66.1802,-144.219,114.6,0.198383,0.979787,0.0184132,-0.0179786
80.0797,66.1802,-144.498,114.613,0.199419,0.97957,0.0190245,-0.0176617
80.1797,66.1802,-144.777,114.619,0.200366,0.97934,0.0193747,-0.0192544
80.2898,66.6044,-145.126,114.622,0.201511,0.979056,0.0196101,-0.0214135
80.3899,66.6044,-145.405,114.622,0.201855,0.978995,0.0187251,-0.0217465
80.4899,66.6044,-145.754,114.617,0.202322,0.978917,0.015267,-0.0235553
80.5997,67.0287,-146.103,114.625,0.203549,0.978684,0.0131784,-0.0239022
80.6997,67.0287,-146.382,114.634,0.204848,0.978469,0.0115563,-0.022405
80.8099,67.0287,-146.801,114.638,0.205827,0.978291,0.00628687,-0.0232985
80.9097,67.4529,-147.08,114.646,0.206716,0.97808,0.00299897,-0.024877
81.0096,67.4529,-147.429,114.654,0.208029,0.977755,0.00108181,-0.0267794
81.1196,67.4529,-147.847,114.651,0.209336,0.977491,-0.00139907,-0.0262371
81.2196,67.8771,-148.196,114.658,0.210562,0.977279,-0.00210719,-0.0242053
81.3298,67.8771,-148.615,114.673,0.21163,0.977086,-0.000529083,-0.0226918
81.4296,67.8771,-148.964,114.717,0.212525,0.976874,0.00214284,-0.0233533
81.5296,68.3014,-149.313,114.758,0.213491,0.976635,0.00640887,-0.0237554
81.6395,68.3014,-149.731,114.791,0.214566,0.976359,0.00819755,-0.0248636
81.7395,68.7256,-150.15,114.807,0.215634,0.976136,0.00811875,-0.0243769
81.8496,68.7256,-150.568,114.83,0.217041,0.975846,0.00762382,-0.0236453
81.9495,69.1498,-150.987,114.851,0.21822,0.975593,0.00704112,-0.023423
82.0495,69.1498,-151.406,114.871,0.219391,0.975328,0.00722625,-0.0234684
82.1595,69.5741,-151.894,114.898,0.220778,0.975019,0.00772102,-0.0231296
82.2595,69.5741,-152.313,114.917,0.222108,0.974731,0.00802649,-0.0224277
82.3695,69.9983,-152.801,114.95,0.223535,0.974429,0.00825417,-0.0212763
82.4694,69.9983,-153.22,114.975,0.224782,0.974147,0.00882554,-0.020797
82.5694,70.4225,-153.638,115.001,0.225871,0.973883,0.00949202,-0.0210531
82.6794,70.4225,-154.127,115.017,0.226852,0.973646,0.00980474,-0.0213549
82.7794,70.8468,-154.615,115.036,0.227463,0.973498,0.0100142,-0.0214724
82.8894,70.8468,-155.104,115.049,0.22779,0.973424,0.0106763,-0.0210658
82.9894,71.271,-155.592,115.063,0.227714,0.97344,0.0115631,-0.0206572
83.0895,71.271,-156.08,115.072,0.227274,0.973533,0.0120801,-0.0208563
83.1993,71.6952,-156.569,115.082,0.22613,0.973783,0.0121392,-0.0215341
83.2995,72.1195,-157.057,115.089,0.224557,0.974137,0.0121597,-0.0220077
83.4094,72.1195,-157.615,115.093,0.222366,0.974639,0.0117913,-0.0222143
83.5093,72.5437,-158.104,115.094,0.22022,0.975131,0.0110383,-0.0223925
83.6093,72.5437,-158.592,115.096,0.218149,0.975587,0.0112069,-0.0226984
83.7192,72.9679,-159.15,115.101,0.215927,0.97606,0.0120713,-0.0231705
83.8193,72.9679,-159.639,115.106,0.214119,0.976454,0.0123866,-0.0231921
83.9192,73.3922,-160.197,115.111,0.212534,0.976789,0.0127438,-0.0234532
84.0292,73.8164,-160.755,115.115,0.211061,0.977104,0.0126097,-0.0236926
84.1292,73.8164,-161.244,115.115,0.210084,0.977312,0.0120353,-0.0241097
84.2392,74.2406,-161.802,115.115,0.209346,0.977471,0.0117489,-0.0242309
84.3392,74.2406,-162.29,115.117,0.20922,0.977479,0.0116961,-0.0249995
84.4392,74.6648,-162.848,115.12,0.209398,0.977443,0.0108498,-0.0253006
84.5492,75.0891,-163.407,115.123,0.209573,0.977468,0.00881963,-0.0236052
84.6492,75.0891,-163.895,115.124,0.209859,0.977449,0.0068902,-0.022482
84.7591,75.5133,-164.453,115.123,0.210141,0.977387,0.00631292,-0.0227287
84.8592,75.5133,-165.011,115.128,0.210561,0.977282,0.00692632,-0.0231604
84.9591,75.9375,-165.5,115.14,0.211079,0.977173,0.00867943,-0.0224469
85.0691,75.9375,-166.058,115.153,0.211744,0.977061,0.0102,-0.0203269
85.1691,76.3618,-166.616,115.156,0.212299,0.97697,0.00987465,-0.019007
85.2791,76.786,-167.174,115.159,0.212957,0.976844,0.00913959,-0.0184992
85.3792,76.786,-167.663,115.162,0.21365,0.976693,0.00929476,-0.0184007
85.4791,77.2102,-168.221,115.166,0.214382,0.976527,0.0096889,-0.0185022
85.5891,77.2102,-168.779,115.169,0.21523,0.976341,0.0091166,-0.0187171
85.6892,77.6345,-169.267,115.174,0.21603,0.976176,0.00879277,-0.0182983
85.7991,78.0587,-169.826,115.177,0.216946,0.975981,0.00879782,-0.0178344
85.899,78.0587,-170.384,115.178,0.217572,0.975859,0.00878258,-0.0168769
85.999,78.4829,-170.872,115.183,0.218238,0.975714,0.00901164,-0.016536
86.109,78.4829,-171.43,115.191,0.218937,0.97555,0.00977272,-0.0165361
86.209,78.9072,-171.989,115.197,0.219648,0.975375,0.0104518,-0.0169943
86.3192,79.3314,-172.547,115.199,0.220407,0.9752,0.0105075,-0.017199
86.419,79.3314,-173.035,115.2,0.221177,0.975029,0.0103312,-0.0171174
86.5189,79.7556,-173.593,115.203,0.221947,0.974849,0.0107646,-0.0171075
86.6289,79.7556,-174.151,115.209,0.222615,0.974688,0.0113186,-0.017244
86.7289,80.1799,-174.64,115.212,0.223185,0.974543,0.0115098,-0.0179667
86.8389,80.6041,-175.198,115.216,0.223565,0.974439,0.011668,-0.0187542
86.9389,80.6041,-175.756,115.218,0.223364,0.974474,0.0118191,-0.0192412
87.0388,81.0283,-176.245,115.219,0.222938,0.974562,0.0121633,-0.0194908
87.1488,81.0283,-176.803,115.222,0.222487,0.974675,0.0130412,-0.0183892
87.2489,81.4526,-177.291,115.226,0.221978,0.974793,0.0136737,-0.0178141
87.3489,81.8768,-177.78,115.229,0.221329,0.974935,0.0140969,-0.0177989
87.4588,81.8768,-178.338,115.23,0.220888,0.97501,0.0141988,-0.019035
87.5588,82.301,-178.826,115.23,0.220498,0.975083,0.0138988,-0.0200333
87.6688,82.301,-179.315,115.229,0.220026,0.975186,0.0130481,-0.0207538
87.7688,82.7253,-179.803,115.23,0.219579,0.975307,0.0128052,-0.0199218
87.8688,82.7253,-180.222,115.233,0.219157,0.975413,0.012754,-0.0194313
87.9787,83.1495,-180.71,115.236,0.218649,0.975527,0.0126068,-0.0195142
88.0787,83.1495,-181.129,115.241,0.218167,0.975618,0.0132747,-0.0198976
88.1888,83.5737,-181.547,115.246,0.217736,0.975708,0.0138428,-0.019844
88.2889,83.5737,-181.966,115.247,0.217592,0.975757,0.0124711,-0.0198939
88.3888,83.9979,-182.385,115.247,0.2174,0.975829,0.0107621,-0.0194797
88.4987,83.9979,-182.803,115.251,0.216982,0.975935,0.010502,-0.0189774
88.5987,84.4222,-183.152,115.255,0.216761,0.975978,0.0109562,-0.0190163
88.6987,84.4222,-183.571,115.257,0.216663,0.975995,0.0107614,-0.0193546
88.8088,84.4222,-183.989,115.259,0.216496,0.976039,0.0102102,-0.0193136
88.9086,84.8464,-184.338,115.264,0.216234,0.976102,0.0104689,-0.0189292
89.0186,84.8464,-184.757,115.269,0.215987,0.976175,0.0107149,-0.017832
89.1186,85.2706,-185.175,115.272,0.215974,0.97619,0.0102069,-0.0174288
89.2186,85.2706,-185.524,115.274,0.215734,0.976248,0.00940252,-0.0175947
89.3288,85.6949,-185.943,115.279,0.21548,0.976281,0.00946036,-0.0188458
89.4286,85.6949,-186.292,115.284,0.215267,0.9763,0.0101318,-0.0198896
89.5385,85.6949,-186.71,115.289,0.215116,0.976326,0.0105731,-0.020018
89.6385,86.1191,-187.059,115.291,0.215205,0.976337,0.0102472,-0.018656
89.7385,86.1191,-187.408,115.294,0.215426,0.976328,0.00968314,-0.0167995
89.8485,86.5433,-187.827,115.301,0.215618,0.976295,0.00972025,-0.0161875
89.9485,86.5433,-188.176,115.307,0.215851,0.976222,0.00993011,-0.0173474
90.0485,86.5433,-188.525,115.311,0.216113,0.976125,0.0102487,-0.0192137
90.1584,86.9676,-188.943,115.314,0.21655,0.975999,0.0106214,-0.0204642
90.2584,86.9676,-189.292,115.316,0.217059,0.975892,0.0106384,-0.0201551
90.3684,87.3918,-189.641,115.319,0.21749,0.97583,0.0102864,-0.0186325
90.4684,87.3918,-189.99,115.322,0.217805,0.975776,0.00988386,-0.0180002
90.5684,87.3918,-190.339,115.327,0.218104,0.975706,0.0100476,-0.018075
90.6784,87.816,-190.687,115.334,0.218522,0.975586,0.0111884,-0.0188395
90.7784,87.816,-191.036,115.339,0.218605,0.975549,0.0122193,-0.0191552
90.8784,88.2403,-191.315,115.342,0.218839,0.97548,0.0126089,-0.019717
90.9884,88.2403,-191.664,115.343,0.219205,0.975386,0.0123589,-0.0204454
91.0884,88.2403,-192.013,115.346,0.219698,0.97526,0.0126509,-0.0209813
91.1983,88.6645,-192.362,115.351,0.220046,0.975161,0.0138017,-0.0212401
91.2983,88.6645,-192.711,115.356,0.220256,0.975105,0.0143195,-0.0212577
91.3983,89.0887,-192.99,115.357,0.220442,0.975088,0.0139941,-0.0203234
91.5083,89.0887,-193.409,115.357,0.220799,0.975036,0.0133048,-0.0193587
91.6083,89.0887,-193.688,115.356,0.221135,0.97497,0.0126717,-0.0193161
91.7082,89.513,-194.037,115.358,0.22139,0.974893,0.0126808,-0.0202232
91.8183,89.513,-194.385,115.36,0.221595,0.974819,0.0131242,-0.0212644
91.9182,89.9372,-194.664,115.359,0.221707,0.974775,0.0130087,-0.0221606
92.0282,89.9372,-195.013,115.361,0.222315,0.974639,0.0130711,-0.0219968
92.1282,89.9372,-195.362,115.364,0.222786,0.974558,0.0134932,-0.0205286
92.2282,90.3614,-195.711,115.367,0.223293,0.974456,0.0142162,-0.0193529
92.3383,90.3614,-196.06,115.369,0.22339,0.974434,0.0146732,-0.0189523
92.4381,90.7857,-196.339,115.371,0.223699,0.974343,0.0148142,-0.0199045
92.5481,90.7857,-196.758,115.373,0.224054,0.974259,0.0145682,-0.0201916
92.6481,90.7857,-197.037,115.373,0.224448,0.974169,0.0142462,-0.0203664
92.7481,91.2099,-197.386,115.374,0.224761,0.974103,0.0140861,-0.0201679
92.8581,91.2099,-197.734,115.374,0.22508,0.974033,0.0140463,-0.0200308
92.958,91.6341,-198.014,115.372,0.225321,0.973986,0.0136622,-0.0198546
93.0581,91.6341,-198.362,115.371,0.225565,0.973944,0.0128184,-0.0197331
93.1681,91.6341,-198.711,115.373,0.225655,0.973928,0.0122687,-0.0198529
93.2681,92.0584,-199.06,115.376,0.22552,0.973955,0.0124488,-0.0199467
93.3781,92.0584,-199.409,115.379,0.225122,0.974043,0.0130651,-0.0197317
93.4781,92.4826,-199.688,115.382,0.224564,0.974179,0.0128474,-0.0195394
93.578,92.4826,-200.037,115.382,0.224185,0.974284,0.0119463,-0.0192077
93.688,92.4826,-200.386,115.382,0.223782,0.974394,0.0110717,-0.0188336
93.7881,92.9068,-200.665,115.385,0.223453,0.974475,0.0108037,-0.0187265
93.8882,92.9068,-201.014,115.389,0.223222,0.974522,0.0113689,-0.018674
93.998,93.3311,-201.363,115.394,0.223047,0.974533,0.0130866,-0.0190952
94.098,93.3311,-201.642,115.396,0.222879,0.974549,0.0140002,-0.0195602
94.2079,93.3311,-201.921,115.399,0.222675,0.974597,0.0135589,-0.0198168
94.3081,93.7553,-202.2,115.403,0.222555,0.974639,0.0126574,-0.0196893
94.408,93.7553,-202.409,115.408,0.222481,0.974692,0.0122161,-0.0181062
94.5179,93.7553,-202.688,115.412,0.222272,0.974758,0.0124089,-0.0169761
94.6179,93.7553,-202.898,115.416,0.222035,0.974817,0.0138148,-0.0155369
94.7179,94.1795,-203.107,115.419,0.222016,0.974808,0.0146538,-0.0155702
94.8279,94.1795,-203.246,115.421,0.221789,0.974865,0.0135393,-0.0162763
94.9278,94.1795,-203.456,115.421,0.221884,0.97485,0.0122001,-0.0168921
95.0378,94.1795,-203.595,115.421,0.221871,0.97487,0.0108745,-0.0168174
95.1378,94.6038,-203.735,115.422,0.221668,0.974925,0.0101048,-0.0168282
95.2378,94.6038,-203.805,115.422,0.221724,0.974912,0.00936756,-0.0172667
95.3478,94.6038,-203.944,115.426,0.22196,0.974848,0.00936255,-0.0178392
95.4478,94.6038,-204.084,115.433,0.221958,0.974843,0.00992669,-0.0178005
95.5578,94.6038,-204.223,115.441,0.221836,0.974863,0.010556,-0.0178791
95.6578,94.6038,-204.293,115.446,0.221914,0.974835,0.0110946,-0.0181226
95.7577,94.6038,-204.363,115.451,0.222003,0.974805,0.0113791,-0.0184391
95.8678,95.028,-204.502,115.454,0.221993,0.974811,0.011114,-0.0184124
95.9677,95.028,-204.572,115.455,0.22215,0.974792,0.0104329,-0.0179199
96.0677,95.028,-204.712,115.455,0.222236,0.974798,0.00962669,-0.016951
96.1777,95.028,-204.781,115.459,0.22215,0.974829,0.00955837,-0.0163318
96.2777,95.028,-204.921,115.464,0.222221,0.974808,0.00997193,-0.0163345
96.3878,95.028,-204.991,115.467,0.22235,0.974774,0.0100628,-0.016574
96.4877,95.028,-205.061,115.465,0.222355,0.974781,0.00928115,-0.0165445
96.5877,95.4522,-205.13,115.463,0.222315,0.974804,0.00819243,-0.0163048
96.6976,95.4522,-205.27,115.465,0.222304,0.974808,0.00817873,-0.0162547
96.7977,95.4522,-205.34,115.472,0.222473,0.974765,0.00896297,-0.0160991
96.9076,95.4522,-205.409,115.479,0.222577,0.974744,0.00945061,-0.0156508
97.0075,95.4522,-205.479,115.483,0.222478,0.974774,0.00960424,-0.0150892
97.1076,95.4522,-205.549,115.486,0.222546,0.97476,0.00974769,-0.0148925
97.2176,95.4522,-205.619,115.489,0.22266,0.974733,0.00969365,-0.0149569
97.3178,95.4522,-205.689,115.492,0.222685,0.974727,0.00971006,-0.014973
97.4175,95.4522,-205.689,115.496,0.222746,0.974719,0.00987304,-0.0145077
97.5275,95.8764,-205.758,115.5,0.222799,0.974712,0.00989926,-0.0140818
97.6274,95.8764,-205.758,115.504,0.22283,0.974706,0.00993265,-0.0139945
97.7375,95.8764,-205.828,115.507,0.222887,0.974696,0.00988312,-0.0138701
97.8375,95.8764,-205.828,115.51,0.222931,0.974689,0.00980044,-0.0136912
97.9375,95.8764,-205.898,115.514,0.222967,0.974684,0.00979565,-0.0134613
98.0474,95.8764,-205.898,115.517,0.223013,0.974676,0.00975786,-0.0133173
98.1474,95.8764,-205.898,115.52,0.223066,0.974665,0.00975951,-0.0131863
98.2574,95.8764,-205.898,115.524,0.223053,0.974671,0.00974075,-0.0130199
98.3574,95.8764,-205.968,115.527,0.223107,0.974661,0.00968526,-0.0128901
98.4574,95.8764,-205.968,115.53,0.223143,0.974654,0.00962152,-0.0128152
98.5674,95.8764,-205.968,115.533,0.22315,0.974654,0.00946274,-0.0127864
98.6673,95.8764,-205.968,115.536,0.223145,0.974657,0.009253,-0.0128426
98.7673,95.8764,-205.968,115.54,0.223167,0.974651,0.00908654,-0.0129832
98.8774,95.8764,-206.037,115.543,0.223244,0.974634,0.00903662,-0.0129952
98.9773,95.8764,-206.037,115.547,0.223238,0.974636,0.00906534,-0.0129194
99.0873,95.8764,-206.037,115.551,0.223233,0.974638,0.00910717,-0.0128134
99.1874,96.3007,-206.107,115.554,0.2232,0.974645,0.00918656,-0.0128354
99.2873,96.3007,-206.107,115.558,0.22325,0.97463,0.00928029,-0.0129952
99.3973,96.3007,-206.177,115.562,0.223248,0.974622,0.00918851,-0.0137102
99.4972,96.3007,-206.177,115.565,0.223171,0.97463,0.00921628,-0.0143526
99.6072,96.3007,-206.247,115.57,0.223294,0.97459,0.00925261,-0.0151451
99.7072,96.3007,-206.247,115.573,0.223322,0.974584,0.00901528,-0.0151947
99.8074,96.3007,-206.316,115.576,0.223221,0.97461,0.00903216,-0.0150119
99.9172,96.3007,-206.386,115.579,0.223317,0.974598,0.00931756,-0.0141772
100.017,96.3007,-206.386,115.582,0.22344,0.974568,0.00976834,-0.0139849
100.117,96.3007,-206.456,115.586,0.223369,0.974576,0.0102956,-0.014179
100.227,96.7249,-206.526,115.59,0.223556,0.974516,0.0107721,-0.0149895
100.327,96.7249,-206.596,115.594,0.223775,0.974458,0.0106799,-0.0155763
100.437,96.7249,-206.665,115.598,0.223793,0.974458,0.010296,-0.0155823
100.537,96.7249,-206.735,115.601,0.223865,0.974449,0.00998604,-0.0152939
100.637,96.7249,-206.805,115.604,0.223966,0.974428,0.0101324,-0.0150277
100.747,96.7249,-206.875,115.607,0.224154,0.974374,0.0108557,-0.0152464
100.847,96.7249,-206.944,115.611,0.224389,0.974314,0.0111141,-0.0154304
100.957,96.7249,-207.014,115.615,0.22459,0.974273,0.0110925,-0.0151157
101.057,97.1491,-207.154,115.618,0.224691,0.974262,0.0108679,-0.0144818
101.157,97.1491,-207.223,115.621,0.224887,0.97422,0.0105771,-0.014494
101.267,97.1491,-207.293,115.624,0.225142,0.974147,0.0101434,-0.015698
101.367,97.1491,-207.363,115.628,0.225431,0.974068,0.00982692,-0.0166
101.467,97.1491,-207.433,115.631,0.22573,0.973999,0.00985481,-0.0165692
101.577,97.1491,-207.572,115.633,0.22603,0.973952,0.00985202,-0.0152198
101.677,97.5734,-207.642,115.636,0.226364,0.973896,0.00983971,-0.0137685
101.787,97.5734,-207.712,115.64,0.226699,0.973831,0.00997208,-0.0126832
101.887,97.5734,-207.782,115.644,0.226793,0.973812,0.0100038,-0.0124472
101.987,97.5734,-207.851,115.646,0.227127,0.973733,0.00991645,-0.0125791
102.097,97.5734,-207.851,115.649,0.227376,0.973672,0.0099806,-0.0127718
102.197,97.5734,-207.851,115.651,0.227443,0.973656,0.00996181,-0.0128275
102.307,97.5734,-207.851,115.656,0.227516,0.973638,0.0101518,-0.0127791
102.407,97.5734,-207.851,115.66,0.227473,0.973651,0.00974764,-0.0127942
102.507,97.5734,-207.851,115.663,0.22744,0.973667,0.00868885,-0.0129903
102.617,97.5734,-207.851,115.667,0.227508,0.973654,0.00789364,-0.0132337
102.717,97.5734,-207.851,115.669,0.227513,0.973651,0.00823864,-0.0132029
102.827,97.5734,-207.851,115.672,0.227495,0.973652,0.00848757,-0.0132326
102.927,97.5734,-207.851,115.676,0.22755,0.97364,0.00845643,-0.0132011
103.027,97.5734,-207.851,115.679,0.227569,0.973636,0.00865296,-0.0130611
103.137,97.9976,-207.851,115.682,0.227521,0.973646,0.00868066,-0.0130949
103.237,97.9976,-207.851,115.685,0.227519,0.973648,0.0084883,-0.0131594
103.337,97.9976,-207.851,115.689,0.227506,0.97365,0.00868261,-0.0131043
103.447,97.9976,-207.851,115.692,0.227503,0.97365,0.00870366,-0.0130892
103.547,97.9976,-207.851,115.695,0.227527,0.973645,0.00858281,-0.0131393
103.657,97.9976,-207.851,115.697,0.227549,0.97364,0.00865893,-0.0130814
103.757,97.5734,-207.851,115.699,0.227526,0.973647,0.00862586,-0.0130292
103.857,97.5734,-207.921,115.701,0.227566,0.973638,0.00860487,-0.0130092
103.967,97.5734,-207.921,115.703,0.227608,0.973629,0.00853514,-0.0130068
104.067,97.5734,-207.991,115.704,0.22763,0.973624,0.00859214,-0.0129065
104.177,97.5734,-207.991,115.705,0.227625,0.973626,0.00857125,-0.0128658
104.277,97.1491,-207.991,115.706,0.227571,0.97364,0.00847192,-0.0128616
104.377,97.1491,-208.061,115.707,0.227567,0.973641,0.00850805,-0.0128187
104.487,97.1491,-208.061,115.708,0.227594,0.973636,0.00850593,-0.0127354
104.587,97.1491,-208.061,115.708,0.227631,0.973627,0.00852378,-0.0127018
104.687,97.1491,-208.061,115.709,0.22764,0.973626,0.00844823,-0.0127029
104.797,97.1491,-208.131,115.71,0.227609,0.973634,0.00847446,-0.0126194
104.897,96.7249,-208.131,115.71,0.227629,0.973629,0.00846891,-0.012634
105.007,96.7249,-208.131,115.711,0.22763,0.973629,0.00842304,-0.0126221
105.107,96.7249,-208.131,115.711,0.227651,0.973625,0.00848066,-0.0125818
105.207,96.7249,-208.131,115.712,0.22763,0.97363,0.0084492,-0.0125605
105.317,96.7249,-208.2,115.713,0.227637,0.973628,0.00844456,-0.0126083
105.417,96.7249,-208.2,115.713,0.22763,0.973631,0.00838922,-0.0125586
105.526,96.7249,-208.2,115.714,0.227632,0.973631,0.00839927,-0.0125137
105.626,96.7249,-208.2,115.714,0.227635,0.973629,0.00840614,-0.0125429
105.726,96.7249,-208.2,115.714,0.227635,0.97363,0.00837739,-0.0124967
105.836,96.7249,-208.2,115.715,0.227649,0.973627,0.00837622,-0.0124666
105.936,96.7249,-208.2,115.716,0.227651,0.973627,0.00834841,-0.0124551
106.046,96.7249,-208.27,115.717,0.227631,0.973632,0.00837932,-0.0124701
106.146,96.3007,-208.27,115.717,0.227658,0.973626,0.00835946,-0.0124361
106.246,96.3007,-208.27,115.718,0.227711,0.973613,0.00836862,-0.012428
106.356,96.3007,-208.27,115.718,0.227661,0.973626,0.00832251,-0.0124205
106.456,96.3007,-208.27,115.719,0.22765,0.973628,0.00833598,-0.0124108
106.556,96.3007,-208.34,115.72,0.227665,0.973625,0.00830927,-0.0123856
106.666,96.3007,-208.34,115.72,0.227642,0.973631,0.00830003,-0.0124002
106.766,96.3007,-208.34,115.721,0.227679,0.973622,0.00832554,-0.0124038
106.876,96.3007,-208.34,115.721,0.227698,0.973617,0.00831325,-0.012383
106.976,96.3007,-208.34,115.722,0.227704,0.973616,0.00833998,-0.0123608
107.076,96.3007,-208.41,115.722,0.227668,0.973625,0.00828048,-0.0123764
107.186,96.3007,-208.41,115.723,0.227639,0.973631,0.0083187,-0.0123748
107.286,96.3007,-208.41,115.724,0.227686,0.97362,0.00830597,-0.0123811
107.396,96.3007,-208.41,115.725,0.227691,0.97362,0.00826908,-0.0123482
107.496,96.3007,-208.41,115.725,0.227685,0.973621,0.0082848,-0.0123543
107.596,96.3007,-208.41,115.726,0.227704,0.973617,0.00825493,-0.0123483
107.706,96.3007,-208.479,115.726,0.227711,0.973615,0.00826887,-0.0123548
107.806,96.3007,-208.479,115.727,0.227714,0.973614,0.00828193,-0.0123666
107.916,96.3007,-208.479,115.727,0.227731,0.973611,0.00825697,-0.01234
108.016,96.3007,-208.479,115.728,0.227721,0.973613,0.00829349,-0.0123628
108.116,96.3007,-208.479,115.729,0.227695,0.973619,0.00826552,-0.0123546
108.226,96.3007,-208.479,115.729,0.22774,0.973608,0.0082919,-0.0123395
108.326,96.3007,-208.479,115.73,0.227768,0.973602,0.00827004,-0.0123408
108.426,95.8764,-208.479,115.832,0.22773,0.973613,0.00816435,-0.0122513
108.536,95.4522,-208.479,115.92,0.227723,0.973616,0.00803064,-0.0121891
108.636,95.4522,-208.41,116.018,0.227761,0.973611,0.00783765,-0.0120353
108.746,95.028,-208.41,116.081,0.227736,0.973619,0.00760909,-0.0119924
108.846,95.028,-208.41,116.121,0.227718,0.973627,0.00723901,-0.0119717
108.946,95.028,-208.41,116.146,0.227768,0.973617,0.00678481,-0.0120592
109.056,94.6038,-208.41,116.176,0.227853,0.9736,0.00654898,-0.0119677
109.156,94.6038,-208.41,116.196,0.227952,0.973578,0.0065438,-0.0118366
109.266,94.6038,-208.41,116.218,0.228068,0.973554,0.00647273,-0.011671
109.366,94.6038,-208.41,116.233,0.22823,0.973518,0.00639249,-0.0115208
109.466,94.6038,-208.479,116.249,0.228441,0.973471,0.00633032,-0.0113641
109.576,94.6038,-208.479,116.265,0.22865,0.973426,0.00613497,-0.0110846
109.676,94.6038,-208.549,116.263,0.228851,0.973382,0.00599013,-0.0108724
109.786,94.6038,-208.549,116.238,0.229237,0.973296,0.00589746,-0.0105585
109.886,94.6038,-208.619,116.225,0.229522,0.97323,0.00579837,-0.0104458
