0.415333,-1.426888,1.470466,110.897768,-0.003147,0.000227,-0.000927,0.999995
0.519075,-1.391849,1.405390,110.895549,-0.003632,-0.000233,-0.000695,0.999993
0.622939,-1.361556,1.343074,110.892091,-0.003878,-0.000996,-0.000854,0.999992
0.726802,-1.241218,1.083928,110.863214,-0.004504,-0.002561,-0.001382,0.999986
0.830665,-1.200104,1.012417,110.858920,-0.004591,-0.004098,-0.002497,0.999978
0.934404,-1.274961,1.175076,110.878780,-0.004651,-0.004929,-0.002809,0.999973
1.038270,-1.238256,1.118141,110.878895,-0.004363,-0.006503,-0.003137,0.999964
1.142160,-1.212097,1.054340,110.861852,-0.004746,-0.009158,-0.003219,0.999942
1.245870,-1.185117,0.999993,110.861018,-0.005702,-0.011001,-0.003570,0.999917
1.349730,-1.166082,0.957166,110.849888,-0.006305,-0.012705,-0.003678,0.999893
1.453600,-1.141898,0.924668,110.852539,-0.005959,-0.014059,-0.003477,0.999877
1.557340,-1.124317,0.874657,110.840236,-0.005594,-0.016409,-0.002716,0.999846
1.661200,-1.110493,0.803409,110.820973,-0.005666,-0.018989,-0.001664,0.999802
1.765070,-1.091288,0.737388,110.812448,-0.006181,-0.021917,-0.001622,0.999739
1.868810,-1.055392,0.674932,110.813148,-0.006554,-0.024992,-0.002048,0.999664
1.972550,-1.037952,0.654160,110.831024,-0.007310,-0.027060,-0.002678,0.999604
2.076410,-0.997922,0.580007,110.832577,-0.008097,-0.030389,-0.003351,0.999500
2.180150,-0.977838,0.548976,110.777154,-0.007172,-0.037578,-0.004777,0.999257
2.284010,-0.922545,0.459031,110.778473,-0.007231,-0.040705,-0.005934,0.999127
2.387750,-0.879842,0.369236,110.779046,-0.007258,-0.044166,-0.006374,0.998978
2.491620,-0.823599,0.260575,110.782349,-0.007060,-0.047743,-0.007045,0.998810
2.595360,-0.796098,0.218329,110.792824,-0.006663,-0.050738,-0.007973,0.998658
2.699220,-0.728208,0.093783,110.806141,-0.006410,-0.053280,-0.008687,0.998521
2.803080,-0.684471,0.012599,110.811175,-0.006193,-0.055614,-0.008735,0.998395
2.906950,-0.611948,-0.137518,110.807006,-0.006064,-0.057661,-0.008535,0.998281
3.010690,-0.548515,-0.248842,110.821310,-0.006283,-0.059932,-0.008587,0.998146
3.114550,-0.468310,-0.392681,110.839452,-0.006836,-0.061637,-0.007937,0.998044
3.218410,-0.394214,-0.547661,110.832492,-0.007202,-0.064695,-0.007466,0.997851
3.322280,-0.296852,-0.700025,110.863408,-0.006384,-0.065456,-0.007639,0.997806
3.426020,-0.213568,-0.888965,110.858714,-0.006054,-0.068935,-0.007136,0.997577
3.529880,-0.114115,-1.127802,110.854055,-0.006782,-0.071730,-0.006135,0.997382
3.633620,-0.012288,-1.281035,110.873444,-0.005448,-0.074312,-0.005799,0.997203
3.737490,0.095890,-1.486600,110.911487,-0.005740,-0.075840,-0.004028,0.997095
3.841350,0.222452,-1.720027,110.902213,-0.003062,-0.080970,-0.003310,0.996706
3.945230,0.403670,-1.984509,110.926853,0.000911,-0.082642,-0.004122,0.996570
4.049080,0.515963,-2.229092,110.957452,0.000981,-0.087507,-0.004865,0.996152
4.152820,0.673304,-2.480235,111.007693,0.000750,-0.088913,-0.004940,0.996027
4.256680,0.804864,-2.764305,111.001997,-0.001490,-0.094101,-0.002556,0.995558
4.360670,0.987495,-3.008832,111.063715,-0.001362,-0.094011,-0.001567,0.995569
4.464530,1.113649,-3.331735,111.064113,-0.002865,-0.099666,-0.000407,0.995017
4.568520,1.304288,-3.605125,111.100964,-0.000783,-0.099912,0.000053,0.994996
4.672510,1.427670,-3.906901,111.126353,-0.002006,-0.102630,0.001515,0.994716
4.776370,1.592183,-4.196044,111.151216,-0.000596,-0.102329,0.000923,0.994750
4.880250,1.718377,-4.475243,111.172352,-0.001542,-0.103179,0.000016,0.994662
4.984230,1.863623,-4.749204,111.184891,-0.000707,-0.101032,-0.000749,0.994883
5.088220,2.032663,-5.045959,111.200724,0.001493,-0.097614,-0.000576,0.995223
5.192210,2.210773,-5.391454,111.245699,0.001324,-0.095437,-0.002126,0.995432
5.296200,2.363012,-5.680798,111.270695,0.001899,-0.091217,-0.003163,0.995824
5.400060,2.527379,-6.015833,111.280726,0.001908,-0.089035,-0.002480,0.996024
5.504050,2.673263,-6.312501,111.276849,0.001797,-0.085498,-0.000041,0.996337
5.607910,2.845484,-6.636794,111.283409,0.001957,-0.081958,0.002065,0.996632
5.711900,3.000256,-6.987296,111.278629,0.001542,-0.079143,0.002381,0.996859
5.815760,3.160160,-7.302000,111.298659,0.001829,-0.075031,0.000874,0.997179
5.919760,3.304021,-7.601719,111.326205,0.001824,-0.071831,-0.001246,0.997414
6.023620,3.469282,-7.939285,111.309474,0.001948,-0.069620,-0.001225,0.997571
6.127480,3.615754,-8.234346,111.316148,0.001631,-0.066766,-0.000936,0.997767
6.231350,3.772913,-8.562288,111.315646,0.001510,-0.064148,-0.000430,0.997939
6.335090,3.931430,-8.913358,111.309227,0.001146,-0.062887,0.001478,0.998019
6.438950,4.080350,-9.226168,111.315120,0.001055,-0.060868,0.003030,0.998141
6.542690,4.229977,-9.537569,111.322759,0.000457,-0.058820,0.004132,0.998260
6.646430,4.398762,-9.897634,111.307562,0.000781,-0.058362,0.004179,0.998286
6.750300,4.544616,-10.214223,111.303131,0.001097,-0.056552,0.003159,0.998394
6.854030,4.686387,-10.516613,111.301746,0.002042,-0.054899,0.001523,0.998489
6.957900,4.819997,-10.804350,111.301061,0.002356,-0.052851,0.001041,0.998599
7.061760,4.951564,-11.089257,111.292809,0.002827,-0.050110,0.001116,0.998739
7.165620,5.068111,-11.347664,111.273785,0.003641,-0.047374,0.002427,0.998868
7.269360,5.175821,-11.596784,111.262359,0.003749,-0.045122,0.003286,0.998969
7.373230,5.277374,-11.830794,111.241290,0.004598,-0.043148,0.004598,0.999048
7.476970,5.366467,-12.035834,111.225068,0.005291,-0.041044,0.004929,0.999131
7.580830,5.450119,-12.243706,111.199039,0.005901,-0.039588,0.003670,0.999192
7.684570,5.531197,-12.414358,111.204892,0.006169,-0.037629,0.002874,0.999269
7.788430,5.598557,-12.572358,111.197482,0.006304,-0.036050,0.003557,0.999324
7.892170,5.649561,-12.701711,111.180699,0.006437,-0.034849,0.003394,0.999366
7.996040,5.699730,-12.812111,111.178800,0.006265,-0.033190,0.002633,0.999426
8.099780,5.736390,-12.901973,111.178606,0.006313,-0.032428,0.001531,0.999453
8.203640,5.767413,-12.974969,111.181651,0.007381,-0.031633,0.001250,0.999471
8.307380,5.797821,-13.047470,111.174138,0.008815,-0.030892,0.001585,0.999483
8.411240,5.827653,-13.124769,111.168943,0.009919,-0.030583,0.002312,0.999480
8.515110,5.865139,-13.211979,111.159172,0.010583,-0.030544,0.002680,0.999474
8.618850,5.898478,-13.284224,111.163386,0.010539,-0.030703,0.002773,0.999469
8.722710,5.932778,-13.372357,111.165375,0.010347,-0.031502,0.002983,0.999446
8.826570,5.974208,-13.444462,111.173112,0.010608,-0.032559,0.002567,0.999410
8.930440,6.010976,-13.523322,111.183212,0.010425,-0.034465,0.002552,0.999348
9.034180,6.049657,-13.598895,111.200308,0.010363,-0.036876,0.002948,0.999262
9.138040,6.091285,-13.666451,111.221113,0.010431,-0.039090,0.003206,0.999176
9.241910,6.137092,-13.754153,111.230091,0.010563,-0.041815,0.003568,0.999063
9.345770,6.183428,-13.827698,111.248975,0.010645,-0.044524,0.003441,0.998946
9.449510,6.243351,-13.914736,111.282546,0.010841,-0.047101,0.003759,0.998824
9.553370,6.294472,-14.023725,111.277453,0.011326,-0.050527,0.003566,0.998652
9.657240,6.357921,-14.118877,111.305387,0.011973,-0.053602,0.003464,0.998485
9.761100,6.434766,-14.222644,111.337064,0.012472,-0.057048,0.004210,0.998285
9.864960,6.495005,-14.341971,111.357457,0.012390,-0.060744,0.004258,0.998067
9.968700,6.587533,-14.459061,111.407026,0.012811,-0.064334,0.003829,0.997839
10.072600,6.642118,-14.603272,111.469940,0.011896,-0.068520,0.004584,0.997568
10.176300,6.717352,-14.741349,111.457226,0.012424,-0.073004,0.004096,0.997246
10.280000,6.821005,-14.899843,111.533131,0.011905,-0.076448,0.004507,0.996992
10.383900,6.924002,-15.056483,111.600537,0.011416,-0.080100,0.004821,0.996710
10.487700,7.032665,-15.281105,111.597442,0.010960,-0.084468,0.004361,0.996356
10.591400,7.144842,-15.500367,111.644292,0.010556,-0.088088,0.005436,0.996042
10.695300,7.279414,-15.712568,111.698183,0.010486,-0.090906,0.005301,0.995790
10.799000,7.393240,-15.934429,111.735796,0.010240,-0.093788,0.004859,0.995528
10.902900,7.534389,-16.177355,111.794910,0.010225,-0.095994,0.004742,0.995318
11.006600,7.654865,-16.431748,111.843971,0.009959,-0.097502,0.005314,0.995171
11.110500,7.806769,-16.702373,111.842018,0.010731,-0.098249,0.004075,0.995096
11.214300,7.968133,-16.987779,111.891371,0.010987,-0.097401,0.003607,0.995178
11.318300,8.123270,-17.287143,111.940214,0.011393,-0.096468,0.003946,0.995263
11.422200,8.242652,-17.574332,111.921764,0.011833,-0.096243,0.004358,0.995278
11.526000,8.405328,-17.894070,111.953839,0.011990,-0.095766,0.004612,0.995321
11.630000,8.562127,-18.195023,111.972001,0.011778,-0.095237,0.004237,0.995376
11.733900,8.778548,-18.569518,112.009891,0.010746,-0.094765,0.004750,0.995430
11.837600,8.924118,-18.907089,112.024144,0.008658,-0.094558,0.004195,0.995473
11.941500,9.111700,-19.265846,112.068515,0.006181,-0.093518,0.003776,0.995591
12.045400,9.307295,-19.618161,112.098797,0.005014,-0.092772,0.003843,0.995667
12.149100,9.480890,-19.993438,112.112357,0.003147,-0.092833,0.004123,0.995668
12.253000,9.651814,-20.347435,112.146121,0.002068,-0.092457,0.004383,0.995705
12.356800,9.858870,-20.725686,112.181868,0.002797,-0.091525,0.004283,0.995790
12.460700,10.034778,-21.080100,112.198872,0.003295,-0.091385,0.003954,0.995802
12.564600,10.229842,-21.462868,112.231046,0.003615,-0.090892,0.004540,0.995844
12.668400,10.424974,-21.841398,112.257595,0.004349,-0.090261,0.004899,0.995897
12.772200,10.608388,-22.192620,112.293549,0.004618,-0.089140,0.004593,0.995998
12.876000,10.804564,-22.577841,112.317424,0.004856,-0.088320,0.004643,0.996069
12.979900,11.009967,-22.982456,112.344983,0.004856,-0.087169,0.004318,0.996172
13.083800,11.194440,-23.352058,112.369755,0.004027,-0.085324,0.004361,0.996336
13.187500,11.390570,-23.742541,112.392835,0.003831,-0.083650,0.004797,0.996476
13.291400,11.598427,-24.148631,112.427217,0.004016,-0.081757,0.004438,0.996634
13.395200,11.783334,-24.524416,112.439799,0.004313,-0.080326,0.004385,0.996750
13.499000,11.979635,-24.911205,112.469064,0.004848,-0.078357,0.003575,0.996907
13.602800,12.172819,-25.310918,112.479121,0.005148,-0.076950,0.003737,0.997015
13.706600,12.345856,-25.670496,112.495548,0.004956,-0.075436,0.003813,0.997131
13.810400,12.536720,-26.055915,112.517537,0.005244,-0.073420,0.003791,0.997280
13.914300,12.729962,-26.441890,112.536062,0.006486,-0.071137,0.003981,0.997438
14.018000,12.897157,-26.811010,112.533002,0.007207,-0.069455,0.003674,0.997552
14.121900,13.079074,-27.190130,112.543958,0.007530,-0.067273,0.003589,0.997700
14.225800,13.260332,-27.583049,112.551909,0.007545,-0.065303,0.003702,0.997830
14.329600,13.432484,-27.954837,112.553199,0.008179,-0.063191,0.003445,0.997962
14.433400,13.619545,-28.334890,112.573282,0.008946,-0.060889,0.002378,0.998102
14.537200,13.806560,-28.736371,112.570201,0.008978,-0.060088,0.002138,0.998150
14.641100,13.962512,-29.073472,112.571727,0.008187,-0.058440,0.003079,0.998253
14.744800,14.146861,-29.457312,112.582558,0.007908,-0.056823,0.003294,0.998348
14.848600,14.318194,-29.834954,112.575979,0.008021,-0.056252,0.003616,0.998378
14.952400,14.481674,-30.187612,112.570130,0.008270,-0.055263,0.003791,0.998430
15.056200,14.646463,-30.553049,112.577494,0.008288,-0.054352,0.002238,0.998485
15.160000,14.841154,-30.952485,112.587018,0.009173,-0.053179,0.000535,0.998543
15.263900,14.999177,-31.306407,112.593943,0.009944,-0.052166,-0.001446,0.998588
15.367600,15.174524,-31.669716,112.597614,0.011135,-0.051166,-0.000918,0.998628
15.471400,15.354328,-32.049470,112.617433,0.012514,-0.050358,-0.001549,0.998652
15.575100,15.507548,-32.406510,112.604844,0.012199,-0.050346,-0.000139,0.998657
15.679000,15.708566,-32.812612,112.597446,0.010754,-0.050315,0.000003,0.998675
15.782700,15.882081,-33.169774,112.606034,0.007755,-0.049623,0.000499,0.998738
15.886600,16.061629,-33.559798,112.599077,0.004267,-0.049380,0.000545,0.998771
15.990300,16.236661,-33.925762,112.612104,0.002293,-0.049288,-0.000237,0.998782
16.094200,16.418099,-34.309264,112.622724,0.001235,-0.048807,-0.001097,0.998807
16.198000,16.598450,-34.711888,112.606042,-0.000211,-0.048674,-0.001950,0.998813
16.301900,16.780582,-35.077752,112.612035,-0.000772,-0.047876,-0.000946,0.998853
16.405800,16.961439,-35.460341,112.598903,-0.000652,-0.047688,0.000809,0.998862
16.509600,17.139462,-35.846352,112.584152,0.000417,-0.046900,0.002250,0.998897
16.613500,17.315771,-36.219477,112.573369,0.001715,-0.046449,0.003834,0.998912
16.717400,17.487996,-36.593125,112.568050,0.001661,-0.044929,0.004009,0.998981
16.821200,17.682508,-37.005596,112.559258,0.001092,-0.043259,0.002653,0.999060
16.925100,17.832376,-37.353158,112.531531,0.000914,-0.042346,0.002079,0.999100
17.029100,18.017153,-37.719187,112.532769,0.002055,-0.040387,0.003043,0.999177
17.133100,18.191159,-38.087019,112.529313,0.002604,-0.038753,0.003646,0.999239
17.237100,18.353402,-38.453730,112.509718,0.002718,-0.037234,0.004330,0.999294
17.340900,18.503738,-38.812650,112.482801,0.002480,-0.036370,0.004710,0.999324
17.444900,18.672361,-39.169448,112.482423,0.003055,-0.034324,0.004028,0.999398
17.548800,18.834980,-39.515004,112.463856,0.003988,-0.032406,0.004071,0.999459
17.652600,18.993170,-39.878511,112.445080,0.004198,-0.031137,0.004405,0.999497
17.756500,19.160925,-40.269166,112.424626,0.004802,-0.029778,0.004775,0.999534
17.860400,19.300754,-40.613663,112.399500,0.005150,-0.029128,0.004543,0.999552
17.964200,19.468095,-40.974102,112.385532,0.006068,-0.028455,0.004187,0.999568
18.068100,19.637915,-41.342445,112.383756,0.006892,-0.027797,0.003801,0.999583
18.171800,19.792063,-41.690880,112.359013,0.008040,-0.027945,0.003908,0.999569
18.275700,19.946612,-42.042669,112.345787,0.008429,-0.027522,0.004494,0.999576
18.379600,20.098724,-42.381335,112.336180,0.007987,-0.026906,0.005249,0.999592
18.483400,20.246654,-42.729266,112.308325,0.007771,-0.027123,0.005536,0.999587
18.587300,20.391492,-43.056795,112.297756,0.007652,-0.026859,0.005243,0.999596
18.691000,20.531981,-43.378634,112.285682,0.007413,-0.027038,0.004843,0.999595
18.794900,20.666354,-43.677395,112.279344,0.007319,-0.027261,0.004098,0.999593
18.898600,20.797795,-43.976513,112.272096,0.007462,-0.027479,0.003675,0.999588
19.002500,20.912677,-44.237624,112.268660,0.007639,-0.027584,0.003846,0.999583
19.106200,21.032849,-44.532830,112.237178,0.008079,-0.028556,0.004105,0.999551
19.210100,21.160032,-44.818671,112.233466,0.008989,-0.029022,0.004533,0.999528
19.314000,21.282668,-45.105654,112.218682,0.009871,-0.030153,0.004802,0.999485
19.417700,21.389961,-45.364118,112.210297,0.010259,-0.031531,0.005400,0.999436
19.521600,21.515415,-45.639116,112.200654,0.010344,-0.032441,0.005381,0.999406
19.625300,21.634585,-45.906258,112.185828,0.010570,-0.033473,0.004782,0.999372
19.729200,21.760268,-46.186064,112.183335,0.010526,-0.034317,0.004400,0.999346
19.833000,21.867469,-46.441471,112.172159,0.010542,-0.035279,0.004179,0.999313
19.936900,21.991300,-46.716197,112.164919,0.010590,-0.035955,0.003990,0.999289
20.040600,22.104047,-46.976217,112.155023,0.010114,-0.036950,0.003435,0.999260
20.144500,22.216151,-47.232006,112.147499,0.009089,-0.037526,0.003136,0.999249
20.248400,22.342438,-47.479863,112.157397,0.008255,-0.037761,0.003743,0.999246
20.352200,22.447504,-47.724025,112.149206,0.007323,-0.039057,0.004191,0.999201
20.456000,22.572584,-47.987663,112.156882,0.006903,-0.040671,0.004637,0.999138
20.559800,22.681568,-48.219779,112.143408,0.006582,-0.042716,0.005050,0.999053
20.663600,22.797958,-48.452048,112.149634,0.006234,-0.044877,0.004751,0.998962
20.767400,22.909001,-48.701260,112.155677,0.005475,-0.047131,0.003805,0.998866
20.871200,23.023381,-48.924275,112.171488,0.004804,-0.048966,0.003330,0.998783
20.975000,23.127950,-49.154238,112.163709,0.004083,-0.051359,0.003428,0.998666
21.078900,23.231331,-49.373010,112.176741,0.003763,-0.053261,0.003477,0.998567
21.182800,23.329484,-49.584776,112.184706,0.003725,-0.055179,0.003706,0.998463
21.286600,23.438294,-49.802281,112.197273,0.004106,-0.056991,0.003329,0.998361
21.390400,23.569723,-50.056318,112.196739,0.004644,-0.059289,0.003455,0.998224
21.494200,23.674191,-50.275484,112.196405,0.004598,-0.061167,0.003824,0.998110
21.598100,23.769495,-50.489033,112.196050,0.004298,-0.062662,0.003606,0.998019
21.701800,23.907302,-50.751012,112.219935,0.004267,-0.063299,0.003625,0.997979
21.805700,24.021555,-51.000108,112.219140,0.003866,-0.064032,0.003898,0.997933
21.909600,24.140212,-51.221069,112.223273,0.003917,-0.064099,0.004068,0.997928
22.013400,24.252316,-51.463643,112.234013,0.003880,-0.063991,0.004110,0.997934
22.117300,24.366127,-51.697736,112.235031,0.003601,-0.064399,0.004897,0.997906
22.221000,24.480356,-51.929195,112.253135,0.003312,-0.064624,0.004934,0.997892
22.324900,24.599356,-52.167935,112.254500,0.003065,-0.065837,0.005740,0.997809
22.428800,24.712748,-52.396076,112.269393,0.003052,-0.067076,0.005483,0.997728
22.532500,24.831899,-52.640402,112.278366,0.003263,-0.068382,0.005040,0.997641
22.636400,24.949958,-52.870489,112.305438,0.003321,-0.069451,0.005051,0.997567
22.740200,25.055762,-53.095371,112.309899,0.003266,-0.071039,0.005126,0.997455
22.844100,25.179382,-53.335669,112.323063,0.003360,-0.072390,0.004526,0.997360
22.948000,25.301768,-53.571152,112.347691,0.003225,-0.073380,0.004481,0.997289
23.051800,25.421028,-53.796200,112.367232,0.003436,-0.074121,0.004401,0.997234
23.155600,25.526540,-54.018811,112.373433,0.003710,-0.074914,0.005298,0.997169
23.259400,25.640054,-54.248457,112.397321,0.003901,-0.075484,0.005742,0.997123
23.363400,25.748326,-54.467266,112.398026,0.004235,-0.075928,0.005746,0.997088
23.467300,25.853904,-54.692633,112.407739,0.004215,-0.076466,0.005638,0.997047
23.571300,25.987726,-54.953411,112.425656,0.004247,-0.076429,0.005624,0.997050
23.675100,26.099486,-55.186799,112.423835,0.004080,-0.076211,0.005620,0.997068
23.779100,26.212840,-55.413498,112.423511,0.004131,-0.075521,0.005445,0.997121
23.883000,26.347949,-55.662277,112.441134,0.003853,-0.074505,0.005303,0.997199
23.987000,26.450582,-55.887232,112.449083,0.003815,-0.073358,0.005313,0.997284
24.091000,26.540345,-56.082023,112.459483,0.004421,-0.071907,0.004840,0.997390
24.195000,26.672219,-56.348465,112.456163,0.005470,-0.070197,0.004841,0.997506
24.298800,26.763965,-56.549855,112.457467,0.005895,-0.068222,0.005017,0.997640
24.402800,26.852954,-56.736181,112.468214,0.006448,-0.065720,0.004838,0.997806
24.506700,26.962092,-56.993499,112.460083,0.007010,-0.063685,0.004475,0.997935
24.610700,27.070324,-57.214973,112.474260,0.007704,-0.061595,0.004614,0.998061
24.714500,27.141036,-57.408655,112.453101,0.008120,-0.060477,0.004900,0.998125
24.818400,27.299272,-57.718242,112.444202,0.009305,-0.058855,0.004534,0.998213
24.922300,27.401365,-57.939232,112.438576,0.010304,-0.058198,0.005469,0.998237
25.026100,27.503760,-58.155225,112.435769,0.011245,-0.058010,0.005500,0.998238
25.130000,27.626009,-58.441934,112.441146,0.011250,-0.058149,0.005095,0.998232
25.233800,27.738853,-58.672767,112.449985,0.011947,-0.058682,0.004892,0.998193
25.337700,27.848849,-58.912403,112.445565,0.012343,-0.060116,0.004687,0.998104
25.441400,27.960231,-59.151625,112.465039,0.011562,-0.060921,0.004472,0.998066
25.545300,28.070547,-59.386976,112.471850,0.010571,-0.062572,0.005388,0.997970
25.649000,28.173501,-59.600101,112.491766,0.010541,-0.064755,0.006460,0.997825
25.752800,28.306265,-59.844239,112.514551,0.011396,-0.067932,0.006365,0.997605
25.856500,28.410752,-60.063015,112.551515,0.011293,-0.070283,0.005210,0.997450
25.960400,28.515289,-60.258172,112.597161,0.011575,-0.072252,0.004162,0.997311
26.064000,28.626401,-60.480710,112.634408,0.011556,-0.074336,0.003196,0.997161
26.167700,28.762170,-60.740583,112.664031,0.012368,-0.076639,0.001291,0.996981
26.271600,28.876131,-60.963605,112.692750,0.012522,-0.077902,-0.000851,0.996882
26.375500,28.992973,-61.185580,112.729448,0.011740,-0.078442,-0.000980,0.996849
26.479300,29.123096,-61.447934,112.726051,0.012136,-0.079368,0.000238,0.996772
26.583200,29.235928,-61.685631,112.741475,0.012334,-0.079268,0.001950,0.996775
26.687100,29.357086,-61.912632,112.755140,0.012515,-0.078709,0.003169,0.996814
26.790900,29.478227,-62.170713,112.760821,0.011647,-0.078839,0.003008,0.996815
26.894800,29.589757,-62.414839,112.763293,0.010661,-0.078727,0.001488,0.996838
26.998700,29.701875,-62.649346,112.789491,0.010810,-0.078021,0.001272,0.996892
27.102400,29.817243,-62.894299,112.796710,0.011310,-0.077993,0.001974,0.996888
27.206300,29.934773,-63.141654,112.792881,0.011192,-0.077627,0.002558,0.996916
27.310100,30.049534,-63.367769,112.805493,0.010518,-0.076911,0.000830,0.996982
27.414000,30.158871,-63.606942,112.817836,0.009930,-0.076740,-0.000860,0.997001
27.517900,30.309832,-63.880443,112.856710,0.009327,-0.076375,-0.000923,0.997035
27.621600,30.413888,-64.111311,112.843381,0.009577,-0.076645,-0.001684,0.997011
27.725500,30.538181,-64.355921,112.877300,0.010169,-0.075545,-0.002826,0.997087
27.829200,30.645710,-64.605238,112.874028,0.010818,-0.076039,-0.003626,0.997040
27.933100,30.782661,-64.857950,112.916214,0.012697,-0.075358,-0.003466,0.997070
28.036800,30.877639,-65.090398,112.918868,0.013493,-0.075376,-0.002421,0.997061
28.140700,30.987791,-65.321966,112.927244,0.012936,-0.075547,-0.000594,0.997058
28.244400,31.068859,-65.571220,112.884112,0.013195,-0.076241,0.001303,0.997001
28.348300,31.205911,-65.823148,112.931028,0.014335,-0.075071,0.003548,0.997069
28.452000,31.302398,-66.067366,112.909165,0.014034,-0.075929,0.004480,0.997004
28.555900,31.404417,-66.299613,112.896423,0.013551,-0.075707,0.003892,0.997030
28.659700,31.537798,-66.581411,112.895936,0.013563,-0.075452,0.001652,0.997056
28.763500,31.725668,-66.885320,112.985340,0.013767,-0.074273,-0.000888,0.997142
28.867300,31.839145,-67.108675,112.998287,0.013754,-0.074037,-0.003689,0.997154
28.971100,31.957105,-67.391263,112.996890,0.012164,-0.074493,-0.003363,0.997142
29.074900,32.132289,-67.711822,113.034209,0.009073,-0.074591,-0.000653,0.997173
29.178800,32.270868,-67.980372,113.035333,0.007433,-0.075297,-0.000829,0.997133
29.282500,32.395551,-68.219507,113.038825,0.004815,-0.075635,-0.002258,0.997121
29.386400,32.554524,-68.536010,113.080400,0.002132,-0.075381,-0.001143,0.997152
29.490300,32.683916,-68.815223,113.080076,0.001221,-0.075005,0.000066,0.997182
29.594000,32.829399,-69.072732,113.068424,0.001307,-0.074390,0.001036,0.997228
29.697900,32.979862,-69.382289,113.105913,-0.000568,-0.073818,0.000276,0.997272
29.801600,33.111985,-69.644919,113.117002,-0.001182,-0.073338,-0.001504,0.997305
29.905500,33.237340,-69.884732,113.120548,-0.002197,-0.073002,-0.002228,0.997327
30.009300,33.385987,-70.174305,113.141916,-0.002949,-0.072721,-0.002686,0.997344
30.113100,33.498785,-70.402499,113.145849,-0.002626,-0.072371,-0.001719,0.997373
30.217000,33.605993,-70.630395,113.132981,-0.002436,-0.072000,-0.001318,0.997401
30.320800,33.731733,-70.888486,113.151758,-0.002018,-0.071358,-0.000932,0.997448
30.424700,33.854634,-71.129600,113.169457,-0.001102,-0.071130,-0.001812,0.997465
30.528500,33.958083,-71.352445,113.174549,-0.000146,-0.071243,-0.001366,0.997458
30.632400,34.080099,-71.595471,113.182033,0.001418,-0.071387,-0.000449,0.997448
30.736300,34.192518,-71.820831,113.204403,0.003626,-0.071611,-0.001675,0.997425
30.840100,34.285453,-72.028217,113.212207,0.004851,-0.072201,-0.002568,0.997375
30.944000,34.403762,-72.269325,113.224938,0.005174,-0.073662,-0.001841,0.997268
31.047700,34.504234,-72.475055,113.238277,0.006976,-0.074906,-0.000271,0.997166
31.151600,34.612481,-72.693037,113.248569,0.008616,-0.076273,0.000541,0.997050
31.255500,34.729266,-72.922460,113.282253,0.009161,-0.078409,0.001001,0.996879
31.359200,34.817575,-73.118310,113.280133,0.010325,-0.081070,0.001320,0.996654
31.463100,34.923962,-73.327031,113.292200,0.011683,-0.082371,0.002035,0.996531
31.566800,35.038619,-73.547749,113.312749,0.012570,-0.084001,0.002630,0.996383
31.670700,35.144176,-73.765634,113.316979,0.012113,-0.085113,0.002200,0.996295
31.774500,35.273551,-74.002882,113.333858,0.011581,-0.085262,0.002072,0.996289
31.878400,35.430980,-74.279579,113.403246,0.010522,-0.083711,0.001379,0.996434
31.982300,35.536125,-74.496691,113.421956,0.009178,-0.082929,0.000266,0.996513
32.086100,35.614012,-74.673506,113.423721,0.008175,-0.082228,0.000685,0.996580
32.190000,35.730375,-74.873270,113.434794,0.007628,-0.080855,0.003263,0.996691
32.294000,35.799727,-75.042121,113.432611,0.006902,-0.079648,0.003665,0.996792
32.397800,35.860736,-75.172390,113.450988,0.006557,-0.078609,0.003331,0.996878
32.501700,35.913830,-75.309133,113.428994,0.006453,-0.077733,0.002738,0.996950
32.605600,36.009545,-75.449398,113.459552,0.006504,-0.075717,0.003225,0.997103
32.709400,36.058160,-75.551834,113.454939,0.006476,-0.074464,0.003491,0.997197
32.813300,36.106299,-75.660736,113.451691,0.006306,-0.073336,0.003540,0.997281
32.917200,36.140840,-75.749348,113.444824,0.006151,-0.072023,0.003680,0.997377
33.021000,36.195944,-75.850951,113.457107,0.006004,-0.070918,0.003617,0.997458
33.124900,36.228176,-75.927173,113.450620,0.006113,-0.069928,0.004179,0.997525
33.228900,36.253284,-76.002353,113.438293,0.006152,-0.068810,0.004202,0.997602
33.332700,36.290085,-76.079091,113.432248,0.006212,-0.067514,0.004489,0.997689
33.436600,36.323819,-76.151894,113.433704,0.006108,-0.066086,0.004782,0.997784
33.540600,36.347693,-76.220185,113.420354,0.006083,-0.064816,0.005131,0.997865
33.644500,36.377322,-76.283580,113.409175,0.006360,-0.063594,0.004996,0.997943
33.748300,36.420455,-76.364231,113.426062,0.006264,-0.062294,0.005271,0.998024
33.852300,36.448717,-76.430548,113.419577,0.006159,-0.060987,0.005720,0.998103
33.956200,36.476591,-76.495611,113.413432,0.006037,-0.059537,0.006008,0.998190
34.060000,36.505040,-76.560990,113.404142,0.006164,-0.058244,0.005920,0.998266
34.163900,36.537652,-76.635812,113.406006,0.006172,-0.056894,0.005638,0.998345
34.267800,36.568790,-76.709917,113.403997,0.005991,-0.055428,0.005566,0.998429
34.371600,36.599180,-76.772525,113.393100,0.005929,-0.054219,0.005682,0.998495
34.475500,36.625753,-76.841940,113.381920,0.005885,-0.052982,0.005665,0.998562
34.579400,36.664613,-76.918043,113.384271,0.005729,-0.051433,0.005715,0.998644
34.683200,36.687033,-76.987762,113.369080,0.005517,-0.050354,0.005673,0.998700
34.787100,36.713806,-77.047623,113.368183,0.005478,-0.048976,0.005644,0.998769
34.891000,36.745537,-77.125382,113.343891,0.005578,-0.047946,0.005308,0.998820
34.994800,36.790692,-77.207607,113.354509,0.005587,-0.046522,0.005332,0.998887
35.098600,36.814258,-77.279851,113.338577,0.005393,-0.045457,0.005509,0.998937
35.202400,36.839358,-77.347739,113.332254,0.005067,-0.044089,0.005569,0.998999
35.306200,36.868890,-77.413798,113.318174,0.005053,-0.043042,0.005639,0.999045
35.410000,36.902878,-77.488297,113.320437,0.004766,-0.041686,0.005827,0.999102
35.513900,36.930610,-77.554205,113.308060,0.004946,-0.040320,0.005885,0.999157
35.617800,36.950366,-77.619790,113.295590,0.004971,-0.039412,0.006016,0.999193
35.721600,36.979773,-77.685672,113.285510,0.005314,-0.038213,0.005636,0.999240
35.825500,37.015272,-77.760593,113.285226,0.005330,-0.036747,0.005594,0.999295
35.929300,37.051790,-77.832419,113.272949,0.005446,-0.035284,0.005601,0.999347
36.033100,37.080349,-77.906875,113.268046,0.005276,-0.033816,0.005517,0.999399
36.136900,37.117459,-77.993418,113.241596,0.005479,-0.032461,0.005469,0.999443
36.240800,37.145122,-78.088616,113.229157,0.005510,-0.031111,0.005540,0.999485
36.344700,37.178621,-78.177951,113.210668,0.005666,-0.029660,0.005744,0.999528
36.448500,37.218299,-78.268702,113.208010,0.005652,-0.027546,0.005800,0.999588
36.552400,37.253077,-78.372324,113.176966,0.005706,-0.025944,0.005712,0.999631
36.656300,37.295565,-78.482810,113.158562,0.005942,-0.024318,0.005984,0.999669
36.760100,37.340365,-78.582198,113.140428,0.005949,-0.022376,0.006097,0.999713
36.864000,37.379011,-78.687488,113.119337,0.006192,-0.020454,0.006409,0.999751
36.967700,37.421858,-78.811602,113.101069,0.006122,-0.018342,0.006660,0.999791
37.071600,37.463005,-78.921980,113.084996,0.006309,-0.016242,0.006939,0.999824
37.175500,37.506041,-79.031548,113.073911,0.006508,-0.013911,0.007242,0.999856
37.279300,37.555127,-79.153136,113.052431,0.007181,-0.012236,0.007886,0.999868
37.383200,37.609388,-79.297973,113.032242,0.007279,-0.010173,0.007948,0.999890
37.486900,37.658119,-79.420015,113.027244,0.007576,-0.008290,0.008484,0.999901
37.590800,37.714507,-79.549884,113.016126,0.008174,-0.006827,0.008547,0.999907
37.694500,37.772147,-79.687050,113.008582,0.008392,-0.005730,0.008690,0.999911
37.798400,37.835313,-79.853848,112.975837,0.008270,-0.005039,0.008534,0.999917
37.902100,37.891527,-79.999211,112.970346,0.008042,-0.004359,0.008229,0.999924
38.006000,37.952157,-80.133927,112.965445,0.008298,-0.003813,0.008266,0.999924
38.109700,38.013073,-80.268382,112.969537,0.008500,-0.003069,0.008687,0.999921
38.213600,38.096676,-80.471963,112.930628,0.008975,-0.002791,0.009288,0.999913
38.317300,38.166168,-80.633105,112.921433,0.009162,-0.002619,0.009151,0.999913
38.421100,38.234023,-80.791819,112.929952,0.009022,-0.002334,0.008465,0.999921
38.524900,38.306590,-80.960188,112.955526,0.008660,-0.001656,0.009117,0.999920
38.628700,38.387080,-81.142819,112.926865,0.009117,-0.002838,0.009353,0.999911
38.732400,38.482514,-81.346508,112.902786,0.009135,-0.003233,0.009173,0.999911
38.836300,38.571036,-81.572182,112.858551,0.008929,-0.004233,0.009317,0.999908
38.940000,38.638415,-81.760818,112.872144,0.008505,-0.004464,0.010160,0.999902
39.043800,38.785262,-82.102247,112.797364,0.009026,-0.005780,0.010508,0.999887
39.147600,38.870413,-82.325283,112.787677,0.008577,-0.006843,0.011381,0.999875
39.251400,38.984728,-82.622089,112.727030,0.008334,-0.008062,0.012026,0.999860
39.355200,39.086631,-82.798709,112.731377,0.008342,-0.007928,0.011414,0.999869
39.459000,39.197066,-83.051690,112.716050,0.008897,-0.007733,0.010427,0.999876
39.562800,39.327013,-83.264729,112.681018,0.010580,-0.007193,0.008450,0.999882
39.666700,39.421543,-83.496306,112.654854,0.010521,-0.006114,0.008248,0.999892
39.770600,39.499977,-83.784010,112.608372,0.009447,-0.005127,0.009848,0.999894
39.874400,39.594802,-83.993523,112.615236,0.009174,-0.002003,0.009734,0.999909
39.978300,39.697650,-84.188865,112.603227,0.009596,0.001441,0.009264,0.999910
40.082200,39.766981,-84.431987,112.560114,0.009146,0.004019,0.010194,0.999898
40.186000,39.848921,-84.639685,112.538178,0.008540,0.007832,0.010885,0.999874
40.289900,39.921197,-84.839011,112.505235,0.008218,0.011454,0.012405,0.999824
40.393700,39.997997,-85.046934,112.461576,0.007958,0.015088,0.013509,0.999763
40.497600,40.083925,-85.223399,112.458824,0.007989,0.019810,0.014438,0.999668
40.601400,40.135152,-85.473163,112.392638,0.006893,0.022365,0.016137,0.999596
40.705200,40.219505,-85.684289,112.366826,0.005960,0.026384,0.015707,0.999511
40.809000,40.301296,-85.905718,112.321127,0.005371,0.028660,0.016676,0.999436
40.912700,40.385129,-86.121821,112.280496,0.004973,0.030511,0.018473,0.999351
41.016400,40.464290,-86.359761,112.230243,0.004331,0.031419,0.019813,0.999301
41.120200,40.576458,-86.611821,112.170776,0.004884,0.032528,0.019220,0.999274
41.223900,40.669262,-86.834316,112.154620,0.004941,0.032115,0.019180,0.999288
41.327600,40.773924,-87.059626,112.124762,0.005187,0.030457,0.019041,0.999341
41.431400,40.877284,-87.376921,112.058551,0.004959,0.028049,0.019565,0.999403
41.535000,40.983152,-87.619297,112.036128,0.005687,0.024378,0.019551,0.999495
41.638700,41.079406,-87.847094,112.024701,0.006694,0.019446,0.018828,0.999611
41.742400,41.172169,-88.081541,112.007662,0.007495,0.015228,0.017917,0.999695
41.846100,41.258173,-88.288577,111.988249,0.008186,0.009944,0.017879,0.999757
41.949800,41.373155,-88.520936,111.960580,0.008746,0.003413,0.018295,0.999789
42.053400,41.476361,-88.763671,111.936632,0.009599,-0.003258,0.019181,0.999765
42.157300,41.563272,-88.976373,111.918687,0.010306,-0.010650,0.019639,0.999697
42.261000,41.655951,-89.184332,111.909546,0.010559,-0.018239,0.019068,0.999596
42.364800,41.751007,-89.370684,111.921889,0.010788,-0.025628,0.018317,0.999445
42.468500,41.845569,-89.575938,111.925310,0.011729,-0.033675,0.019119,0.999181
42.572300,41.932500,-89.786035,111.907623,0.012885,-0.042793,0.021936,0.998760
42.676000,42.058103,-90.020468,111.929257,0.014577,-0.050498,0.022298,0.998369
42.779800,42.170212,-90.247240,111.974199,0.015048,-0.058304,0.021072,0.997963
42.883500,42.282222,-90.477142,112.010991,0.015021,-0.066618,0.019227,0.997480
42.987300,42.417548,-90.741923,112.052173,0.014864,-0.075055,0.017551,0.996914
43.091100,42.565656,-91.006977,112.102741,0.014741,-0.083450,0.016499,0.996266
43.195000,42.722887,-91.301453,112.151940,0.014544,-0.091155,0.015658,0.995607
43.298800,42.876429,-91.631258,112.188759,0.014097,-0.098644,0.014601,0.994916
43.402700,43.025297,-91.876661,112.250659,0.014339,-0.103745,0.013302,0.994412
43.506600,43.181649,-92.197427,112.293176,0.013791,-0.108121,0.011911,0.993971
43.610500,43.350020,-92.536932,112.330449,0.013898,-0.110460,0.011476,0.993717
43.714400,43.517717,-92.825213,112.390832,0.013623,-0.112349,0.010543,0.993519
43.818400,43.659861,-93.085754,112.456935,0.012915,-0.112768,0.010216,0.993485
43.922400,43.825990,-93.363025,112.516293,0.012793,-0.112571,0.008318,0.993526
44.026400,43.978898,-93.653140,112.538974,0.013767,-0.113518,0.008253,0.993406
44.130400,44.107922,-93.926500,112.585747,0.013412,-0.112703,0.007927,0.993507
44.234300,44.267704,-94.207514,112.633165,0.013373,-0.110836,0.006992,0.993724
44.338500,44.408545,-94.499270,112.663901,0.013938,-0.108676,0.006554,0.993958
44.442500,44.547996,-94.785253,112.704414,0.014038,-0.106208,0.005718,0.994228
44.546500,44.694887,-95.060093,112.722270,0.014822,-0.104693,0.005320,0.994380
44.650400,44.858143,-95.387332,112.754753,0.014846,-0.102720,0.005285,0.994585
44.754400,45.019482,-95.697715,112.794126,0.015015,-0.100373,0.004774,0.994825
44.858400,45.179358,-96.013536,112.813453,0.015820,-0.098424,0.004344,0.995009
44.962400,45.352082,-96.364276,112.851472,0.015478,-0.096172,0.004469,0.995234
45.066400,45.504121,-96.693593,112.880770,0.015007,-0.093968,0.003599,0.995456
45.170200,45.680877,-97.041491,112.915151,0.014862,-0.091534,0.003054,0.995686
45.274100,45.858620,-97.392970,112.943398,0.014538,-0.089372,0.002125,0.995890
45.378100,46.024455,-97.742318,112.970369,0.014408,-0.087263,0.002507,0.996078
45.482000,46.195461,-98.085626,112.988094,0.013896,-0.085593,0.001775,0.996232
45.585800,46.391673,-98.502294,113.007776,0.013674,-0.083902,0.003731,0.996373
45.689700,46.579726,-98.874754,113.026457,0.013935,-0.082273,0.004679,0.996501
45.793400,46.758260,-99.257637,113.049693,0.012735,-0.080194,0.005888,0.996680
45.897300,46.945492,-99.639188,113.075115,0.011832,-0.078183,0.005917,0.996851
46.001200,47.144658,-100.030649,113.103085,0.010768,-0.076410,0.005981,0.997000
46.105000,47.319043,-100.435130,113.112547,0.009406,-0.075637,0.007684,0.997061
46.208800,47.510796,-100.830556,113.137197,0.009097,-0.074194,0.008654,0.997165
46.312600,47.712188,-101.258621,113.149298,0.008774,-0.073109,0.009599,0.997239
46.416400,47.907651,-101.657773,113.170830,0.008763,-0.072127,0.011305,0.997293
46.520100,48.110812,-102.084695,113.185411,0.009308,-0.071966,0.012937,0.997280
46.624000,48.311066,-102.495187,113.204398,0.009933,-0.071865,0.014185,0.997264
46.727700,48.513150,-102.906720,113.220145,0.009481,-0.072071,0.014569,0.997248
46.831400,48.699895,-103.305444,113.245057,0.007844,-0.072003,0.014375,0.997270
46.935300,48.899641,-103.701574,113.256494,0.007182,-0.072459,0.015750,0.997221
47.039100,49.077213,-104.090233,113.266636,0.005731,-0.073093,0.016828,0.997167
47.142800,49.270964,-104.483527,113.295650,0.005899,-0.072963,0.015781,0.997192
47.246500,49.462489,-104.867064,113.326271,0.007189,-0.072984,0.014456,0.997202
47.350400,49.655659,-105.273801,113.339797,0.008543,-0.073537,0.014495,0.997151
47.454100,49.845511,-105.654484,113.356726,0.009457,-0.073931,0.016279,0.997086
47.558000,50.023968,-106.040230,113.366920,0.010063,-0.074730,0.018074,0.996989
47.661700,50.221504,-106.429672,113.397873,0.011570,-0.074758,0.016721,0.996994
47.765600,50.412612,-106.823186,113.427739,0.012361,-0.074642,0.013977,0.997036
47.869300,50.591717,-107.197671,113.463316,0.012596,-0.074437,0.011790,0.997076
47.973200,50.781239,-107.589968,113.478874,0.012397,-0.074437,0.012129,0.997075
48.077100,50.957189,-107.962210,113.497243,0.011744,-0.073855,0.013485,0.997109
48.180900,51.133647,-108.334329,113.511046,0.011747,-0.072529,0.013838,0.997201
48.284800,51.310745,-108.712289,113.530106,0.011731,-0.070639,0.012074,0.997360
48.388700,51.466696,-109.078105,113.536486,0.011074,-0.068614,0.010703,0.997524
48.492500,51.646674,-109.445918,113.553434,0.011371,-0.065695,0.010307,0.997722
48.596600,51.829029,-109.816016,113.554692,0.012039,-0.061810,0.010883,0.997956
48.700400,51.981114,-110.170819,113.549746,0.012337,-0.058621,0.012042,0.998131
48.804400,52.138670,-110.525426,113.547097,0.012511,-0.055122,0.012098,0.998328
48.908300,52.296504,-110.863143,113.546381,0.011938,-0.051778,0.012500,0.998509
49.012100,52.456322,-111.216627,113.532871,0.011713,-0.048554,0.012412,0.998675
49.116100,52.599158,-111.549472,113.530228,0.010966,-0.045182,0.012147,0.998845
49.219900,52.747421,-111.877468,113.518622,0.010859,-0.041813,0.012427,0.998989
49.323900,52.898197,-112.228767,113.506533,0.010602,-0.038589,0.012782,0.999117
49.427800,53.034579,-112.550840,113.488506,0.010198,-0.035674,0.013119,0.999225
49.531700,53.174384,-112.875788,113.470984,0.010071,-0.032938,0.013468,0.999316
49.635500,53.308878,-113.176478,113.461272,0.010171,-0.030097,0.013154,0.999409
49.739400,53.442020,-113.489188,113.436070,0.010118,-0.027703,0.012769,0.999483
49.843300,53.558602,-113.775050,113.420391,0.009953,-0.025945,0.013156,0.999527
49.947100,53.690660,-114.100451,113.390386,0.010282,-0.024156,0.013574,0.999563
50.050900,53.812037,-114.382372,113.381175,0.010207,-0.022541,0.013774,0.999599
50.154700,53.943422,-114.692500,113.356965,0.010056,-0.021431,0.013382,0.999630
50.258600,54.058265,-114.958554,113.343383,0.010028,-0.020676,0.013144,0.999650
50.362300,54.175330,-115.246786,113.330711,0.010220,-0.020387,0.013425,0.999650
50.466200,54.289828,-115.488026,113.325876,0.010899,-0.020301,0.012748,0.999653
50.569900,54.414237,-115.804237,113.296829,0.011243,-0.020576,0.012529,0.999647
50.673800,54.518042,-116.029712,113.313468,0.011638,-0.020897,0.013030,0.999629
50.777500,54.628797,-116.288086,113.307789,0.012171,-0.021767,0.013128,0.999603
50.881300,54.750085,-116.601186,113.247003,0.012931,-0.023466,0.013148,0.999555
50.985100,54.857747,-116.821563,113.278081,0.013250,-0.024283,0.012226,0.999543
51.088900,54.966948,-117.077815,113.257808,0.013462,-0.026532,0.012660,0.999477
51.192600,55.067892,-117.285689,113.278574,0.013817,-0.028708,0.012443,0.999415
51.296500,55.178150,-117.537052,113.266010,0.013756,-0.031180,0.012736,0.999338
51.400200,55.283487,-117.739183,113.285742,0.013671,-0.033606,0.012568,0.999263
51.504000,55.388689,-117.978063,113.290623,0.013709,-0.035977,0.011853,0.999188
51.607800,55.483146,-118.169252,113.306563,0.013702,-0.038428,0.010824,0.999109
51.711700,55.589615,-118.406734,113.317198,0.013522,-0.040847,0.011121,0.999012
51.815400,55.682211,-118.610863,113.327953,0.013687,-0.043484,0.011000,0.998900
51.919300,55.785342,-118.832250,113.337773,0.013173,-0.045827,0.010962,0.998802
52.023100,55.876447,-119.015843,113.362017,0.012161,-0.047980,0.010501,0.998719
52.127000,55.970971,-119.227066,113.352541,0.011399,-0.050546,0.010876,0.998597
52.230800,56.060699,-119.409868,113.364365,0.011002,-0.052918,0.010940,0.998478
52.334600,56.155885,-119.619311,113.364494,0.010872,-0.055441,0.011230,0.998340
52.438500,56.240517,-119.788086,113.374891,0.010789,-0.057544,0.011410,0.998219
52.542200,56.325473,-119.987764,113.376763,0.010652,-0.060091,0.011310,0.998072
52.646100,56.403244,-120.142632,113.384970,0.010896,-0.062071,0.010911,0.997953
52.749900,56.516821,-120.381582,113.396497,0.010872,-0.064614,0.010600,0.997795
52.853800,56.595299,-120.555828,113.403170,0.010935,-0.066838,0.010933,0.997644
52.957700,56.698681,-120.767420,113.429754,0.011032,-0.068746,0.010687,0.997516
53.061400,56.779947,-120.935179,113.438504,0.010968,-0.070869,0.010472,0.997370
53.165300,56.884400,-121.145999,113.456361,0.010832,-0.073194,0.010288,0.997206
53.269100,56.961221,-121.309967,113.468013,0.011189,-0.075117,0.010377,0.997058
53.373000,57.059550,-121.497349,113.492271,0.011754,-0.076734,0.010210,0.996930
53.476900,57.140388,-121.667473,113.504256,0.012073,-0.078190,0.010288,0.996812
53.580700,57.211616,-121.824014,113.510817,0.012258,-0.079448,0.010289,0.996710
53.684600,57.314651,-122.016796,113.536098,0.012674,-0.080478,0.010242,0.996623
53.788500,57.393002,-122.187102,113.550447,0.012822,-0.081450,0.010589,0.996539
53.892300,57.462886,-122.333206,113.553249,0.013212,-0.082290,0.010777,0.996463
53.996300,57.543631,-122.492119,113.574480,0.013142,-0.082375,0.010244,0.996462
54.100200,57.624626,-122.661424,113.585133,0.013419,-0.082412,0.009646,0.996461
54.204200,57.693346,-122.816445,113.586792,0.013696,-0.081782,0.009434,0.996511
54.308000,57.747446,-122.957257,113.571024,0.013608,-0.081059,0.009648,0.996570
54.412000,57.811432,-123.115502,113.564915,0.013479,-0.079658,0.009920,0.996682
54.516000,57.864612,-123.246543,113.553187,0.013714,-0.078086,0.010156,0.996801
54.620000,57.915060,-123.373281,113.536742,0.014172,-0.076637,0.010316,0.996905
54.723900,57.992223,-123.528717,113.574201,0.013985,-0.073901,0.009910,0.997118
54.827900,58.050614,-123.651588,113.574242,0.014473,-0.071733,0.010115,0.997268
54.931800,58.117278,-123.776238,113.590106,0.014853,-0.069472,0.010299,0.997420
55.035700,58.174149,-123.918034,113.584286,0.014935,-0.067761,0.010525,0.997534
55.139700,58.223323,-124.031195,113.587522,0.014790,-0.065997,0.010497,0.997655
55.243700,58.301186,-124.204675,113.574993,0.014909,-0.064539,0.010923,0.997744
55.347500,58.352817,-124.330226,113.564365,0.014736,-0.062963,0.011645,0.997839
55.451400,58.401652,-124.443530,113.568651,0.014261,-0.061133,0.012082,0.997955
55.555400,58.478498,-124.603452,113.578441,0.014094,-0.059092,0.011746,0.998084
55.659300,58.526825,-124.716443,113.577900,0.013989,-0.057436,0.011477,0.998185
55.763100,58.572533,-124.819954,113.579294,0.013660,-0.055838,0.011452,0.998281
55.867000,58.636719,-124.952901,113.573417,0.013702,-0.054283,0.011751,0.998362
55.970900,58.680683,-125.057156,113.568084,0.013517,-0.052952,0.012125,0.998432
56.074700,58.727408,-125.164166,113.572109,0.013106,-0.051197,0.012150,0.998529
56.178600,58.791443,-125.316186,113.557188,0.012971,-0.049935,0.012239,0.998593
56.282500,58.833497,-125.412606,113.553126,0.012771,-0.048618,0.012132,0.998662
56.386300,58.879856,-125.512808,113.555195,0.012642,-0.047154,0.011939,0.998736
56.490200,58.939377,-125.652902,113.557375,0.012310,-0.045593,0.011396,0.998819
56.594200,58.977254,-125.748185,113.552254,0.011918,-0.044405,0.011446,0.998877
56.698000,59.018871,-125.845605,113.546158,0.011753,-0.043304,0.011942,0.998921
56.801900,59.070477,-125.965601,113.544786,0.011481,-0.042002,0.011901,0.998981
56.905800,59.124579,-126.062629,113.551413,0.011461,-0.040679,0.011497,0.999040
57.009600,59.162634,-126.166946,113.538621,0.011243,-0.040124,0.011341,0.999067
57.113500,59.216508,-126.289206,113.536133,0.011063,-0.039470,0.011786,0.999090
57.217400,59.256956,-126.374437,113.525467,0.011008,-0.039494,0.012351,0.999083
57.321200,59.299894,-126.479434,113.523145,0.010975,-0.039402,0.012599,0.999084
57.425100,59.356375,-126.605505,113.518931,0.011134,-0.038982,0.012587,0.999099
57.528900,59.395789,-126.707560,113.517027,0.011102,-0.039047,0.012670,0.999095
57.632800,59.444531,-126.807553,113.514237,0.010975,-0.039159,0.012597,0.999093
57.736800,59.498479,-126.926687,113.510430,0.010737,-0.039244,0.012905,0.999089
57.840700,59.546586,-127.029013,113.507897,0.010850,-0.039328,0.013078,0.999082
57.944500,59.587409,-127.130459,113.512500,0.010494,-0.039289,0.013314,0.999084
58.048500,59.657297,-127.266098,113.507361,0.010526,-0.039284,0.013142,0.999086
58.152400,59.696952,-127.366797,113.509980,0.010317,-0.039384,0.013084,0.999085
58.256200,59.744648,-127.456287,113.514126,0.010148,-0.039223,0.012654,0.999099
58.360100,59.806185,-127.592716,113.505914,0.009554,-0.039456,0.012605,0.999096
58.464000,59.850907,-127.693927,113.504837,0.009163,-0.039437,0.012492,0.999102
58.568000,59.900520,-127.798460,113.501248,0.008851,-0.039432,0.011861,0.999113
58.671800,59.954785,-127.920957,113.496895,0.008745,-0.039326,0.011397,0.999123
58.775700,59.997641,-128.019718,113.494731,0.008670,-0.039314,0.011127,0.999127
58.879600,60.040223,-128.120707,113.483521,0.008569,-0.039492,0.011183,0.999121
58.983500,60.109403,-128.263631,113.494103,0.008635,-0.038944,0.011052,0.999143
59.087400,60.153129,-128.366537,113.476284,0.008530,-0.039648,0.010570,0.999121
59.191300,60.190296,-128.462031,113.477969,0.008320,-0.039668,0.010328,0.999125
59.295100,60.252018,-128.580853,113.480999,0.008914,-0.039480,0.010252,0.999128
59.399100,60.292817,-128.679105,113.469174,0.008770,-0.039983,0.010120,0.999111
59.503000,60.334029,-128.774172,113.472799,0.008350,-0.039873,0.009753,0.999122
59.606800,60.401123,-128.898068,113.486997,0.008193,-0.039376,0.009782,0.999143
59.710700,60.461256,-128.994896,113.491017,0.008689,-0.038720,0.010228,0.999160
59.814600,60.502579,-129.094147,113.496164,0.008519,-0.037882,0.011320,0.999182
59.918600,60.542799,-129.195324,113.494825,0.008182,-0.036998,0.012142,0.999208
60.022400,60.592630,-129.289307,113.487685,0.008197,-0.035514,0.012630,0.999256
60.126400,60.621184,-129.389787,113.461811,0.008049,-0.034760,0.012717,0.999282
60.230300,60.666703,-129.484846,113.470530,0.008037,-0.032729,0.012329,0.999356
60.334300,60.705682,-129.573924,113.466896,0.007883,-0.031125,0.011181,0.999422
60.438300,60.737687,-129.663203,113.454367,0.008130,-0.030054,0.010770,0.999457
60.542300,60.774158,-129.755709,113.453677,0.008376,-0.028331,0.010575,0.999508
60.646200,60.815942,-129.843762,113.450039,0.008783,-0.026810,0.010646,0.999545
60.750100,60.852789,-129.927723,113.440567,0.008914,-0.025281,0.010929,0.999581
60.854100,60.892624,-130.008643,113.427418,0.009170,-0.024127,0.011677,0.999599
60.958000,60.909334,-130.142133,113.378680,0.008681,-0.024229,0.011494,0.999603
61.061900,60.950705,-130.235659,113.360388,0.009426,-0.023370,0.009555,0.999637
61.165800,60.987268,-130.321847,113.363587,0.009450,-0.022237,0.008415,0.999673
61.269800,61.019843,-130.412243,113.354601,0.009366,-0.021439,0.007778,0.999696
61.373700,61.073732,-130.523479,113.343819,0.009607,-0.019986,0.007937,0.999723
61.477500,61.115028,-130.619730,113.333181,0.009565,-0.019327,0.008261,0.999733
61.581500,61.150165,-130.709857,113.324823,0.009421,-0.018908,0.008335,0.999742
61.685400,61.189428,-130.811019,113.312408,0.009008,-0.018327,0.007396,0.999764
61.789200,61.246634,-130.926657,113.313189,0.008307,-0.017042,0.006358,0.999800
61.893100,61.292773,-131.030530,113.311376,0.007341,-0.016491,0.005369,0.999823
61.997000,61.335712,-131.131951,113.294346,0.006374,-0.016456,0.005979,0.999826
62.100800,61.380850,-131.239089,113.289100,0.005429,-0.016381,0.007735,0.999821
62.204700,61.438555,-131.362411,113.281280,0.005162,-0.016136,0.009210,0.999814
62.308600,61.489735,-131.474725,113.276059,0.005348,-0.016376,0.008882,0.999812
62.412400,61.547858,-131.582316,113.278793,0.006015,-0.017560,0.007859,0.999797
62.516300,61.592813,-131.671016,113.296728,0.006425,-0.018821,0.006591,0.999780
62.620200,61.650635,-131.819770,113.272929,0.006566,-0.019492,0.005984,0.999771
62.723900,61.709614,-131.919287,113.288965,0.006389,-0.020210,0.005840,0.999758
62.827800,61.779202,-132.028914,113.295807,0.006599,-0.020697,0.005732,0.999748
62.931600,61.810575,-132.145371,113.282966,0.006114,-0.021653,0.005833,0.999730
63.035400,61.865653,-132.240908,113.286063,0.006674,-0.021735,0.006571,0.999720
63.139200,61.901573,-132.345317,113.286144,0.005968,-0.020997,0.007010,0.999737
63.243100,61.946234,-132.456013,113.258594,0.005368,-0.020701,0.005981,0.999753
63.347000,61.991503,-132.533845,113.258525,0.005394,-0.020283,0.006320,0.999760
63.450800,62.032159,-132.607071,113.260260,0.005479,-0.018996,0.006744,0.999782
63.554700,62.047696,-132.688607,113.242168,0.005037,-0.018416,0.007561,0.999789
63.658500,62.073649,-132.750790,113.236586,0.005294,-0.018155,0.008448,0.999785
63.762400,62.086079,-132.802709,113.219683,0.005099,-0.017793,0.009094,0.999787
63.866300,62.106325,-132.845422,113.213136,0.004716,-0.016926,0.009745,0.999798
63.970100,62.113720,-132.878345,113.202947,0.004099,-0.017360,0.010148,0.999789
64.074000,62.120096,-132.895981,113.200497,0.003905,-0.016944,0.010565,0.999793
64.177900,62.131296,-132.898971,113.210919,0.004022,-0.016133,0.010358,0.999808
64.281600,62.128984,-132.890987,113.214397,0.004273,-0.016392,0.010148,0.999805
64.385500,62.120898,-132.888694,113.223319,0.005064,-0.016118,0.009943,0.999808
64.489300,62.119063,-132.891340,113.217982,0.006030,-0.016184,0.010056,0.999800
64.593200,62.117199,-132.890422,113.222728,0.005444,-0.016136,0.010100,0.999804
64.697100,62.120995,-132.891695,113.216537,0.005465,-0.016268,0.010084,0.999802
64.801100,62.117232,-132.892698,113.221208,0.005360,-0.016213,0.010253,0.999802
64.904900,62.120211,-132.893928,113.222423,0.005132,-0.016203,0.010118,0.999804
65.008800,62.119908,-132.892644,113.219763,0.005158,-0.016217,0.010113,0.999804
65.112600,62.118062,-132.894132,113.217989,0.005342,-0.016340,0.010281,0.999799
65.216600,62.122017,-132.894121,113.219186,0.005224,-0.016262,0.010110,0.999803
65.320500,62.118189,-132.897009,113.217850,0.005118,-0.016405,0.010101,0.999801
65.424500,62.118642,-132.896097,113.219727,0.005212,-0.016309,0.010323,0.999800
65.528400,62.119612,-132.893811,113.219930,0.005283,-0.016269,0.010332,0.999800
65.632300,62.122483,-132.895048,113.218623,0.005319,-0.016266,0.010204,0.999801
65.736200,62.120586,-132.893804,113.224242,0.005236,-0.016102,0.010325,0.999803
65.840200,62.122404,-132.896665,113.220017,0.005329,-0.016165,0.010323,0.999802
65.944100,62.120606,-132.894723,113.219245,0.005260,-0.016310,0.010385,0.999799
66.048000,62.123033,-132.893710,113.219764,0.005356,-0.016260,0.010307,0.999800
66.152000,62.123341,-132.892607,113.219203,0.005432,-0.016289,0.010263,0.999800
66.256000,62.123159,-132.893300,113.222656,0.005330,-0.016118,0.010258,0.999803
66.360000,62.124924,-132.894619,113.218203,0.005477,-0.016260,0.010290,0.999800
66.463900,62.123749,-132.895167,113.219146,0.005415,-0.016234,0.010271,0.999801
66.567900,62.122915,-132.895229,113.217752,0.005436,-0.016306,0.010198,0.999800
66.671900,62.124127,-132.897065,113.216900,0.005454,-0.016280,0.010258,0.999800
66.775700,62.123736,-132.897206,113.218437,0.005354,-0.016203,0.010190,0.999802
66.879700,62.125761,-132.895522,113.217100,0.005502,-0.016263,0.010163,0.999801
66.983700,62.123534,-132.896993,113.214641,0.005398,-0.016349,0.010206,0.999800
67.087700,62.123582,-132.895529,113.216974,0.005363,-0.016251,0.010186,0.999802
67.191600,62.123123,-132.895623,113.216380,0.005329,-0.016246,0.010198,0.999802
67.295500,62.124083,-132.894736,113.216672,0.005400,-0.016214,0.010196,0.999802
67.399500,62.123816,-132.896024,113.216123,0.005391,-0.016288,0.010183,0.999801
67.503400,62.124386,-132.893432,113.216401,0.005465,-0.016308,0.010209,0.999800
67.607400,62.121966,-132.894855,113.215672,0.005350,-0.016343,0.010194,0.999800
67.711200,62.123297,-132.895477,113.213809,0.005449,-0.016419,0.010146,0.999799
67.815200,62.122081,-132.894166,113.216382,0.005439,-0.016315,0.010224,0.999800
67.919200,62.124244,-132.895493,113.213937,0.005518,-0.016351,0.010188,0.999799
68.023100,62.122545,-132.895075,113.214534,0.005423,-0.016389,0.010138,0.999800
68.127100,62.123282,-132.893660,113.214707,0.005481,-0.016342,0.010184,0.999800
68.231100,62.122961,-132.895113,113.216774,0.005391,-0.016293,0.010184,0.999801
68.334900,62.123270,-132.894661,113.216456,0.005426,-0.016307,0.010190,0.999800
68.438800,62.120837,-132.895292,113.213032,0.005388,-0.016430,0.010163,0.999799
68.542800,62.121426,-132.895453,113.215776,0.005356,-0.016330,0.010178,0.999801
68.646800,62.123677,-132.894121,113.215926,0.005428,-0.016322,0.010211,0.999800
68.750600,62.121647,-132.895440,113.213698,0.005395,-0.016396,0.010133,0.999800
68.854600,62.122260,-132.895586,113.213144,0.005426,-0.016410,0.010103,0.999800
68.958500,62.120106,-132.895044,113.214226,0.005346,-0.016426,0.010176,0.999799
69.062500,62.120235,-132.895434,113.211163,0.005374,-0.016473,0.010088,0.999799
69.166300,62.121027,-132.894982,113.215367,0.005357,-0.016356,0.010146,0.999800
69.270300,62.120520,-132.895792,113.209478,0.005430,-0.016537,0.010130,0.999797
69.374200,62.120077,-132.894712,113.214849,0.005330,-0.016377,0.010087,0.999801
69.478200,62.121778,-132.892434,113.218307,0.005334,-0.016257,0.010156,0.999802
69.582100,62.120034,-132.894976,113.214739,0.005332,-0.016377,0.010139,0.999800
69.685900,62.121686,-132.895718,113.213540,0.005381,-0.016433,0.010166,0.999799
69.789900,62.123068,-132.894341,113.214959,0.005460,-0.016335,0.010140,0.999800
69.893900,62.122215,-132.895685,113.212736,0.005447,-0.016424,0.010197,0.999798
69.997800,62.123834,-132.895142,113.214981,0.005452,-0.016353,0.010157,0.999800
70.101700,62.122062,-132.893533,113.214706,0.005403,-0.016372,0.010214,0.999799
70.205700,62.120003,-132.895713,113.212369,0.005326,-0.016460,0.010108,0.999799
70.309700,62.122207,-132.895408,113.211502,0.005448,-0.016422,0.010135,0.999799
70.413600,62.122424,-132.896703,113.210543,0.005450,-0.016468,0.010180,0.999798
70.517600,62.121400,-132.896461,113.213347,0.005369,-0.016434,0.010165,0.999799
70.621600,62.123017,-132.895070,113.215082,0.005447,-0.016360,0.010146,0.999800
70.725400,62.120089,-132.894345,113.211036,0.005407,-0.016491,0.010168,0.999798
70.829400,62.121875,-132.894603,113.213717,0.005411,-0.016383,0.010143,0.999800
70.933400,62.119486,-132.895234,113.212310,0.005376,-0.016454,0.010185,0.999798
71.037400,62.119735,-132.895568,113.215465,0.005330,-0.016397,0.010176,0.999800
71.141300,62.121094,-132.894597,113.215790,0.005356,-0.016324,0.010135,0.999801
71.245300,62.117494,-132.896305,113.214305,0.005257,-0.016437,0.010183,0.999799
71.349100,62.119438,-132.895852,113.215626,0.005298,-0.016365,0.010182,0.999800
71.453100,62.121195,-132.891825,113.221500,0.005305,-0.016184,0.010248,0.999802
71.557000,62.121236,-132.892080,113.217869,0.005358,-0.016296,0.010220,0.999801
71.661000,62.120837,-132.894071,113.218510,0.005310,-0.016282,0.010289,0.999800
71.764800,62.119743,-132.892072,113.219786,0.005296,-0.016284,0.010281,0.999801
71.868800,62.119270,-132.892272,113.215705,0.005350,-0.016366,0.010246,0.999799
71.972700,62.119257,-132.893287,113.216764,0.005288,-0.016355,0.010217,0.999800
72.076700,62.119014,-132.893273,113.216059,0.005292,-0.016358,0.010191,0.999800
72.180500,62.117774,-132.892228,113.220241,0.005161,-0.016242,0.010285,0.999802
72.284500,62.120518,-132.892427,113.219242,0.005314,-0.016278,0.010184,0.999802
72.388400,62.119828,-132.894845,113.215151,0.005330,-0.016373,0.010187,0.999800
72.492200,62.117433,-132.896720,113.214068,0.005240,-0.016459,0.010191,0.999799
72.596200,62.120478,-132.894103,113.217146,0.005304,-0.016337,0.010168,0.999801
72.700100,62.117225,-132.897397,113.214715,0.005229,-0.016430,0.010277,0.999799
72.804100,62.120489,-132.894610,113.215801,0.005391,-0.016336,0.010194,0.999800
72.908000,62.120586,-132.896141,113.214666,0.005372,-0.016393,0.010272,0.999798
73.011900,62.116475,-132.897443,113.213612,0.005462,-0.016346,0.010282,0.999799
73.115800,62.119494,-132.902416,113.217757,0.005880,-0.016131,0.010388,0.999799
73.219800,62.121462,-132.912071,113.209057,0.006166,-0.016320,0.010408,0.999794
73.323800,62.135035,-132.952239,113.192619,0.006498,-0.016060,0.010158,0.999798
73.427600,62.146301,-132.963559,113.196544,0.006962,-0.015680,0.010044,0.999802
73.531600,62.153768,-132.988832,113.192078,0.007087,-0.015623,0.009947,0.999803
73.635600,62.160567,-133.021272,113.187494,0.007390,-0.015620,0.009830,0.999802
73.739600,62.171067,-133.064441,113.186189,0.008535,-0.015442,0.009501,0.999799
73.843500,62.188643,-133.117919,113.180790,0.010405,-0.015285,0.009142,0.999787
73.947500,62.215973,-133.177620,113.183655,0.012307,-0.015107,0.007778,0.999780
74.051500,62.251607,-133.262148,113.186681,0.014211,-0.015078,0.006496,0.999764
74.155300,62.288494,-133.353281,113.181061,0.015866,-0.015428,0.006346,0.999735
74.259300,62.325585,-133.463960,113.193492,0.016314,-0.015417,0.007225,0.999722
74.363200,62.388288,-133.601715,113.183154,0.017268,-0.015625,0.006162,0.999710
74.467000,62.445704,-133.737886,113.192976,0.017690,-0.016141,0.004285,0.999704
74.570900,62.512062,-133.875958,113.199381,0.017878,-0.017421,0.002315,0.999686
74.674800,62.582452,-134.028435,113.191021,0.018028,-0.019436,0.002206,0.999646
74.778600,62.645246,-134.180680,113.192815,0.017495,-0.020850,0.004238,0.999621
74.882500,62.731475,-134.363975,113.176520,0.017104,-0.022380,0.006656,0.999581
74.986400,62.822005,-134.572589,113.155547,0.016399,-0.024467,0.008766,0.999528
75.090200,62.905934,-134.745567,113.150955,0.015499,-0.026652,0.010793,0.999466
75.194100,62.986195,-134.919996,113.137158,0.015464,-0.028616,0.012561,0.999392
75.297900,63.089001,-135.178840,113.109763,0.014940,-0.030817,0.014997,0.999301
75.401800,63.170957,-135.350993,113.104407,0.013027,-0.032432,0.015002,0.999276
75.505700,63.266803,-135.518825,113.106092,0.009199,-0.033643,0.012040,0.999319
75.609400,63.342155,-135.709646,113.107785,0.005584,-0.034798,0.008557,0.999342
75.713300,63.402986,-135.834821,113.113592,0.004295,-0.035670,0.005491,0.999339
75.817100,63.453839,-135.930636,113.124995,0.003941,-0.036167,0.003352,0.999332
75.921000,63.494975,-136.043668,113.114359,0.004657,-0.037829,0.003754,0.999266
76.024900,63.531270,-136.132876,113.117413,0.006629,-0.038571,0.004546,0.999224
76.128600,63.569898,-136.219187,113.120844,0.008166,-0.039187,0.004819,0.999187
76.232500,63.608724,-136.328105,113.109148,0.008630,-0.041402,0.005334,0.999091
76.336200,63.656280,-136.411833,113.113771,0.009036,-0.043063,0.005735,0.999015
76.440100,63.706247,-136.491871,113.127758,0.009357,-0.044742,0.006357,0.998935
76.543900,63.745409,-136.598673,113.126259,0.009013,-0.046832,0.006720,0.998839
76.647700,63.790927,-136.683086,113.142219,0.008978,-0.049006,0.006244,0.998739
76.751500,63.824215,-136.791882,113.137802,0.008769,-0.051994,0.006358,0.998589
76.855400,63.871568,-136.874341,113.147761,0.010198,-0.054061,0.007417,0.998458
76.959200,63.921339,-136.973426,113.162394,0.011510,-0.056337,0.008554,0.998309
77.063000,63.971128,-137.068160,113.171027,0.012903,-0.059200,0.008029,0.998130
77.166900,64.042152,-137.209471,113.188256,0.013268,-0.062146,0.007711,0.997949
77.270600,64.109482,-137.329906,113.211797,0.013692,-0.065636,0.008336,0.997715
77.374500,64.179944,-137.495297,113.208538,0.014103,-0.069950,0.008891,0.997411
77.478300,64.261999,-137.649199,113.230554,0.015192,-0.072842,0.009225,0.997185
77.582200,64.351608,-137.830457,113.250025,0.015979,-0.077163,0.008548,0.996854
77.685900,64.457963,-138.011821,113.277467,0.017045,-0.080401,0.007958,0.996585
77.789800,64.542002,-138.186168,113.299726,0.016845,-0.083757,0.007729,0.996314
77.893700,64.643886,-138.370181,113.331137,0.015165,-0.087646,0.008129,0.996003
77.997500,64.753705,-138.578125,113.360070,0.011818,-0.091121,0.009037,0.995729
78.101400,64.881743,-138.820465,113.374047,0.008478,-0.094181,0.008677,0.995481
78.205400,64.990493,-139.027092,113.402407,0.006928,-0.095831,0.006087,0.995355
78.309400,65.106120,-139.263313,113.430411,0.006128,-0.096293,0.002461,0.995331
78.413200,65.234640,-139.497820,113.472559,0.005844,-0.096669,-0.001076,0.995299
78.517200,65.356224,-139.725568,113.500663,0.006023,-0.095934,-0.001553,0.995368
78.621200,65.469844,-139.962389,113.503736,0.006065,-0.094958,-0.000438,0.995463
78.725200,65.583794,-140.187320,113.522292,0.005818,-0.093195,0.001015,0.995630
78.829200,65.694500,-140.422386,113.530748,0.004980,-0.093328,0.002742,0.995619
78.933200,65.808011,-140.647473,113.538536,0.004705,-0.092498,0.004497,0.995692
79.037200,65.911407,-140.869606,113.549412,0.005335,-0.091021,0.005802,0.995818
79.141200,66.017194,-141.069889,113.563998,0.007371,-0.089968,0.005924,0.995900
79.245200,66.134340,-141.311506,113.581243,0.008176,-0.088013,0.005723,0.996069
79.349100,66.250147,-141.537757,113.605439,0.007084,-0.085767,0.004415,0.996280
79.453000,66.383601,-141.794537,113.604778,0.006469,-0.084222,0.004660,0.996415
79.557000,66.501237,-142.025749,113.607536,0.003230,-0.082497,0.006742,0.996563
79.660900,66.622906,-142.283870,113.607310,0.000964,-0.081294,0.009491,0.996645
79.764900,66.745634,-142.539450,113.614709,0.001415,-0.080177,0.010458,0.996725
79.868700,66.868466,-142.789276,113.636411,0.002236,-0.078652,0.007699,0.996870
79.972700,67.002189,-143.038966,113.657583,0.002207,-0.077747,0.005058,0.996958
80.076600,67.134464,-143.306616,113.669799,0.001684,-0.076779,0.005234,0.997033
80.180600,67.273380,-143.604212,113.667776,0.001533,-0.075851,0.006717,0.997095
80.284600,67.415059,-143.895497,113.663011,0.001938,-0.075079,0.008785,0.997137
80.388400,67.558492,-144.185643,113.666517,0.003158,-0.075019,0.009033,0.997136
80.492400,67.701427,-144.474671,113.683092,0.006501,-0.074335,0.009998,0.997162
80.596300,67.838019,-144.770978,113.700257,0.008300,-0.072890,0.009961,0.997256
80.700300,67.982496,-145.071799,113.745537,0.010544,-0.071243,0.008613,0.997366
80.804200,68.103005,-145.360390,113.748015,0.015308,-0.070822,0.009021,0.997331
80.908200,68.229549,-145.655920,113.764973,0.018668,-0.069824,0.010386,0.997331
81.012200,68.387611,-145.987204,113.762039,0.021392,-0.068642,0.011587,0.997345
81.116100,68.550746,-146.329462,113.765496,0.023665,-0.067512,0.010328,0.997384
81.220100,68.711522,-146.663056,113.787974,0.023635,-0.065815,0.007786,0.997522
81.324100,68.872658,-147.008349,113.782664,0.022407,-0.065389,0.007018,0.997584
81.428200,69.029853,-147.360798,113.798224,0.019424,-0.064222,0.008232,0.997713
81.532300,69.214670,-147.771170,113.821077,0.015754,-0.062832,0.009537,0.997854
81.636200,69.385601,-148.153906,113.836631,0.014332,-0.061524,0.010812,0.997944
81.740300,69.558169,-148.538277,113.844493,0.014222,-0.060496,0.010195,0.998015
81.844300,69.758146,-148.941334,113.849129,0.015129,-0.058923,0.009199,0.998105
81.948400,69.927321,-149.341580,113.856165,0.015124,-0.057911,0.008949,0.998167
82.052400,70.117037,-149.762805,113.853498,0.015062,-0.056809,0.009145,0.998230
82.156400,70.307167,-150.198765,113.854357,0.014252,-0.055644,0.009111,0.998307
82.260300,70.516571,-150.656815,113.852149,0.014079,-0.054199,0.008592,0.998394
82.364200,70.715794,-151.082658,113.860435,0.013853,-0.052631,0.007715,0.998488
82.468200,70.926238,-151.546991,113.854749,0.013382,-0.051429,0.007072,0.998562
82.572200,71.135845,-152.021047,113.838655,0.012907,-0.050597,0.007782,0.998605
82.676000,71.349826,-152.464394,113.859231,0.012770,-0.049032,0.007878,0.998684
82.780000,71.566367,-152.950455,113.840902,0.012586,-0.048571,0.007790,0.998710
82.883900,71.777097,-153.428482,113.833913,0.011940,-0.048677,0.007601,0.998714
82.987800,72.017970,-153.935272,113.836678,0.010952,-0.048584,0.007278,0.998733
83.091800,72.258561,-154.450928,113.841340,0.010648,-0.049096,0.007626,0.998708
83.195600,72.473638,-154.925540,113.855030,0.010484,-0.049932,0.008176,0.998664
83.299400,72.709601,-155.435798,113.861142,0.010568,-0.051903,0.008748,0.998558
83.403200,72.968621,-155.983582,113.871390,0.011164,-0.054067,0.009049,0.998434
83.507100,73.220789,-156.482701,113.908200,0.011887,-0.055987,0.008620,0.998324
83.610900,73.437104,-156.962547,113.918213,0.011171,-0.058031,0.008790,0.998214
83.714800,73.693369,-157.492632,113.940063,0.010398,-0.060044,0.008738,0.998103
83.818700,73.955898,-158.025182,113.968284,0.010048,-0.061959,0.009352,0.997984
83.922500,74.175658,-158.497989,113.971678,0.009688,-0.063899,0.010182,0.997857
84.026500,74.377544,-158.976700,113.986304,0.009532,-0.065438,0.010069,0.997760
84.130400,74.691016,-159.568731,114.031847,0.010414,-0.066079,0.010462,0.997705
84.234400,74.939085,-160.081242,114.055335,0.010784,-0.066612,0.010966,0.997660
84.338400,75.177144,-160.601317,114.058014,0.010838,-0.067024,0.011083,0.997631
84.442200,75.367390,-161.067928,114.068230,0.011783,-0.067070,0.011322,0.997614
84.546200,75.608827,-161.606041,114.089637,0.013470,-0.067066,0.009115,0.997616
84.650200,75.866393,-162.159842,114.104657,0.015294,-0.066822,0.007990,0.997616
84.754100,76.112207,-162.653824,114.138074,0.015648,-0.066477,0.007970,0.997633
84.858100,76.355114,-163.180852,114.140722,0.015042,-0.066210,0.008726,0.997654
84.962100,76.623310,-163.760038,114.169449,0.013162,-0.065379,0.008085,0.997741
85.066000,76.887059,-164.307828,114.177153,0.011866,-0.064946,0.006499,0.997797
85.169900,77.110583,-164.790795,114.216433,0.011861,-0.064233,0.005441,0.997850
85.273900,77.363811,-165.339007,114.226628,0.012367,-0.063596,0.004313,0.997890
85.377900,77.585636,-165.885155,114.210621,0.012136,-0.063268,0.003486,0.997917
85.481800,77.868396,-166.403465,114.258411,0.011968,-0.062129,0.005110,0.997983
85.585700,78.087269,-166.922006,114.264545,0.012453,-0.061378,0.004661,0.998026
85.689700,78.371115,-167.509241,114.266976,0.012953,-0.060790,0.004951,0.998054
85.793600,78.618127,-168.032320,114.300671,0.012981,-0.059636,0.004150,0.998127
85.897600,78.872146,-168.579674,114.310931,0.012871,-0.058987,0.002868,0.998172
86.001400,79.131968,-169.143360,114.313174,0.012566,-0.058427,0.002977,0.998208
86.105300,79.382661,-169.677473,114.343037,0.011992,-0.057465,0.003299,0.998270
86.209300,79.641417,-170.232754,114.339062,0.011709,-0.056844,0.003547,0.998308
86.313200,79.888918,-170.793396,114.328484,0.011790,-0.056403,0.003971,0.998331
86.417000,80.145817,-171.326712,114.368147,0.011813,-0.055128,0.003757,0.998402
86.521000,80.398295,-171.897407,114.363523,0.011335,-0.054623,0.003875,0.998435
86.624900,80.662327,-172.468470,114.370897,0.011069,-0.053773,0.003841,0.998484
86.728900,80.890165,-172.966161,114.377933,0.011048,-0.053262,0.004879,0.998507
86.832700,81.137429,-173.510328,114.386302,0.011021,-0.052707,0.005612,0.998533
86.936600,81.411658,-174.094646,114.375195,0.011222,-0.053407,0.006656,0.998488
87.040500,81.620508,-174.568271,114.387201,0.010295,-0.053646,0.006355,0.998487
87.144300,81.860557,-175.099078,114.383149,0.009316,-0.054160,0.005424,0.998474
87.248200,82.128773,-175.663364,114.398695,0.008670,-0.054932,0.004834,0.998441
87.352100,82.367562,-176.167997,114.417982,0.008496,-0.055340,0.005025,0.998419
87.455800,82.595316,-176.685935,114.412080,0.008574,-0.055961,0.005952,0.998378
87.559700,82.832894,-177.208482,114.413751,0.009093,-0.056562,0.006944,0.998334
87.663500,83.071829,-177.694669,114.437990,0.009934,-0.056746,0.007666,0.998310
87.767400,83.297440,-178.177415,114.455363,0.009756,-0.057112,0.006470,0.998299
87.871300,83.528755,-178.657133,114.470935,0.010011,-0.057553,0.006224,0.998273
87.975000,83.725626,-179.097515,114.473795,0.010130,-0.058247,0.006224,0.998231
88.078700,83.932049,-179.545262,114.483202,0.009364,-0.058794,0.006751,0.998203
88.182600,84.135767,-179.978860,114.496643,0.009042,-0.059086,0.006838,0.998189
88.286500,84.321293,-180.386236,114.502465,0.010328,-0.059606,0.006630,0.998147
88.390300,84.516326,-180.811913,114.513927,0.011905,-0.059839,0.005950,0.998119
88.494100,84.718238,-181.243545,114.524107,0.012114,-0.060374,0.005373,0.998088
88.597900,84.902778,-181.638088,114.540113,0.011551,-0.060520,0.005678,0.998084
88.701700,85.092246,-182.056912,114.545730,0.011920,-0.060841,0.006069,0.998058
88.805500,85.297163,-182.481213,114.567696,0.012415,-0.060608,0.005652,0.998068
88.909300,85.478335,-182.874992,114.584663,0.011853,-0.060971,0.005213,0.998056
89.013100,85.672423,-183.284446,114.605726,0.011413,-0.061089,0.004161,0.998058
89.116900,85.856340,-183.683306,114.606585,0.012172,-0.061509,0.003747,0.998025
89.220700,86.047458,-184.088296,114.631534,0.012915,-0.061548,0.003984,0.998013
89.324500,86.229334,-184.472906,114.654744,0.012789,-0.061450,0.005532,0.998013
89.428200,86.402571,-184.859113,114.654958,0.012322,-0.061824,0.006740,0.997988
89.532100,86.597566,-185.262431,114.672833,0.012138,-0.061892,0.006462,0.997988
89.635800,86.773823,-185.651990,114.678603,0.012204,-0.062169,0.004833,0.997979
89.739700,86.953376,-186.028150,114.693547,0.012574,-0.061785,0.002915,0.998006
89.843400,87.131368,-186.401221,114.722899,0.012376,-0.061330,0.002704,0.998037
89.947200,87.303074,-186.770016,114.737013,0.012430,-0.060740,0.003955,0.998068
90.051000,87.480642,-187.165708,114.725157,0.012656,-0.060697,0.005708,0.998060
90.154800,87.648515,-187.535163,114.733161,0.012334,-0.060443,0.006832,0.998072
90.258500,87.814071,-187.900798,114.732365,0.012385,-0.059984,0.006332,0.998102
90.362400,87.993582,-188.280905,114.748095,0.012554,-0.059502,0.005004,0.998137
90.466100,88.162249,-188.645557,114.765264,0.012781,-0.059228,0.004258,0.998154
90.570000,88.330788,-189.004277,114.765062,0.012755,-0.059000,0.004573,0.998166
90.673700,88.497705,-189.368225,114.776437,0.011849,-0.058270,0.005276,0.998217
90.777600,88.661531,-189.731167,114.781550,0.010728,-0.058451,0.005778,0.998216
90.881300,88.822784,-190.081749,114.783500,0.010475,-0.058140,0.006485,0.998232
90.985200,88.982117,-190.433546,114.784243,0.010757,-0.057810,0.006997,0.998245
91.088900,89.157773,-190.801803,114.793786,0.010676,-0.057179,0.007623,0.998278
91.192600,89.323601,-191.160182,114.791289,0.009893,-0.056885,0.008086,0.998299
91.296500,89.480523,-191.510536,114.798225,0.009073,-0.056497,0.008110,0.998329
91.400300,89.655906,-191.869042,114.810649,0.009628,-0.056429,0.007006,0.998336
91.504000,89.811361,-192.202538,114.819672,0.010095,-0.055789,0.005855,0.998374
91.607700,89.962890,-192.534270,114.819864,0.010811,-0.055850,0.005947,0.998363
91.711600,90.126307,-192.889407,114.830185,0.010904,-0.055491,0.006921,0.998376
91.815300,90.275003,-193.208978,114.838994,0.010906,-0.055307,0.007856,0.998379
91.919100,90.436957,-193.552338,114.845173,0.011197,-0.054959,0.008549,0.998389
92.022800,90.607666,-193.941108,114.831970,0.010853,-0.054652,0.008496,0.998410
92.126600,90.764600,-194.274758,114.838824,0.010098,-0.054109,0.006971,0.998460
92.230400,90.930546,-194.626957,114.845244,0.009237,-0.053702,0.006224,0.998495
92.334200,91.095402,-194.994036,114.848048,0.008871,-0.053468,0.005572,0.998515
92.437900,91.242429,-195.315743,114.856937,0.008959,-0.052948,0.006954,0.998533
92.541600,91.412272,-195.692613,114.847432,0.009223,-0.052766,0.006674,0.998542
92.645500,91.576692,-196.039799,114.852462,0.009789,-0.052138,0.006720,0.998569
92.749200,91.741644,-196.402233,114.850779,0.009719,-0.052121,0.006789,0.998570
92.853100,91.907260,-196.757246,114.853605,0.009940,-0.051584,0.005962,0.998601
92.956800,92.069762,-197.099840,114.860320,0.010612,-0.050914,0.005618,0.998631
93.060700,92.227331,-197.454775,114.850710,0.011251,-0.051236,0.005517,0.998608
93.164400,92.397191,-197.804209,114.860447,0.011931,-0.050759,0.005504,0.998625
93.268300,92.552769,-198.168202,114.851610,0.011520,-0.051509,0.005754,0.998590
93.372000,92.709937,-198.505701,114.862529,0.010930,-0.051652,0.005440,0.998591
93.475800,92.870327,-198.843643,114.872856,0.011333,-0.052079,0.005472,0.998564
93.579600,93.028060,-199.197363,114.881800,0.012026,-0.052616,0.004812,0.998531
93.683400,93.178041,-199.520462,114.898687,0.012553,-0.053068,0.003960,0.998504
93.787100,93.341531,-199.868084,114.903713,0.013043,-0.053178,0.004020,0.998492
93.890900,93.483866,-200.177988,114.919159,0.012203,-0.053360,0.004186,0.998492
93.994600,93.646501,-200.529229,114.910493,0.010924,-0.053574,0.004992,0.998492
94.098400,93.827669,-200.872245,114.895552,0.010936,-0.053776,0.004812,0.998482
94.202100,93.929297,-201.159937,114.903942,0.010535,-0.054304,0.005784,0.998452
94.305900,94.053740,-201.434451,114.916586,0.011508,-0.054252,0.005285,0.998447
94.409700,94.170691,-201.689965,114.927439,0.011688,-0.054369,0.003811,0.998445
94.513400,94.282846,-201.917299,114.948713,0.011079,-0.054184,0.002491,0.998466
94.617200,94.392037,-202.137190,114.952789,0.009471,-0.054369,0.001378,0.998475
94.721000,94.486548,-202.338014,114.961548,0.008815,-0.054288,0.001322,0.998486
94.824800,94.576033,-202.529954,114.950121,0.010340,-0.054796,0.001951,0.998442
94.928600,94.642038,-202.691171,114.954997,0.011616,-0.054744,0.002498,0.998430
95.032500,94.710065,-202.841456,114.962313,0.012900,-0.054632,0.002435,0.998420
95.136400,94.783763,-202.999746,114.962754,0.013759,-0.054920,0.002143,0.998394
95.240100,94.842858,-203.125934,114.969333,0.014468,-0.054703,0.002413,0.998395
95.344000,94.902383,-203.258399,114.966828,0.014478,-0.054440,0.003178,0.998407
95.447800,94.957845,-203.388392,114.969090,0.013984,-0.054529,0.003076,0.998410
95.551700,95.006975,-203.499719,114.971008,0.013408,-0.054693,0.003101,0.998408
95.655500,95.055419,-203.610007,114.969821,0.012818,-0.054623,0.003255,0.998419
95.759300,95.106297,-203.731032,114.964172,0.012752,-0.054827,0.003904,0.998407
95.863200,95.152724,-203.843594,114.957594,0.012908,-0.055069,0.003925,0.998391
95.966900,95.196628,-203.929419,114.961825,0.013726,-0.054859,0.003088,0.998395
96.070800,95.252066,-204.040127,114.968438,0.014358,-0.054735,0.002130,0.998395
96.174600,95.291967,-204.135652,114.984791,0.014012,-0.054617,0.001404,0.998408
96.278400,95.341225,-204.235433,114.990122,0.013767,-0.054221,0.001635,0.998433
96.382200,95.399414,-204.353671,114.985484,0.013977,-0.054354,0.001752,0.998422
96.486000,95.437239,-204.434539,114.994199,0.014704,-0.054304,0.001418,0.998415
96.589800,95.475404,-204.516333,114.990503,0.015657,-0.054400,0.001221,0.998396
96.693500,95.529574,-204.620640,114.992877,0.015698,-0.054249,0.001152,0.998403
96.797300,95.563079,-204.695411,114.993004,0.015011,-0.054080,0.001171,0.998423
96.901200,95.582999,-204.748740,115.002417,0.014390,-0.053945,0.000608,0.998440
97.004900,95.620924,-204.831245,114.998120,0.014124,-0.054109,0.000202,0.998435
97.108800,95.645961,-204.886712,114.995838,0.014065,-0.054106,0.000107,0.998436
97.212500,95.669907,-204.937327,114.987847,0.014311,-0.054227,0.000013,0.998426
97.316300,95.697961,-204.997598,114.991110,0.014194,-0.054088,0.000153,0.998435
97.420200,95.715560,-205.044223,114.983299,0.013927,-0.054241,-0.000174,0.998431
97.523900,95.729564,-205.071877,114.991260,0.013921,-0.054045,-0.000558,0.998441
97.627600,95.747865,-205.122585,114.994014,0.013689,-0.053878,-0.000765,0.998453
97.731500,95.757516,-205.146687,114.992222,0.013742,-0.053999,-0.000678,0.998446
97.835400,95.764125,-205.168593,114.999009,0.013564,-0.053779,-0.001174,0.998460
97.939200,95.793454,-205.201111,115.012302,0.013782,-0.053361,-0.001527,0.998479
98.043000,95.804614,-205.223278,115.010597,0.013895,-0.053390,-0.001683,0.998476
98.146900,95.810909,-205.237768,115.010205,0.013817,-0.053379,-0.001772,0.998477
98.250800,95.817288,-205.256897,115.012535,0.013758,-0.053229,-0.001901,0.998486
98.354600,95.825022,-205.269698,115.012759,0.013804,-0.053255,-0.002169,0.998483
98.458600,95.829243,-205.278138,115.013150,0.013904,-0.053134,-0.002171,0.998488
98.562300,95.837237,-205.299536,115.008080,0.014113,-0.053294,-0.002125,0.998477
98.666100,95.843705,-205.316885,115.007970,0.014275,-0.053300,-0.002137,0.998474
98.770000,95.852243,-205.336986,115.011228,0.014448,-0.053251,-0.002055,0.998474
98.873800,95.859496,-205.356899,115.008553,0.014509,-0.053218,-0.002115,0.998475
98.977700,95.864813,-205.386106,115.006980,0.014180,-0.053352,-0.001979,0.998473
99.081600,95.882058,-205.412902,115.003950,0.014392,-0.053387,-0.002183,0.998468
99.185300,95.903678,-205.451563,115.015469,0.014264,-0.053152,-0.002154,0.998482
99.289200,95.923981,-205.486995,115.018053,0.014345,-0.053047,-0.001895,0.998487
99.393000,95.929863,-205.519368,115.011577,0.014518,-0.053113,-0.001383,0.998482
99.496900,95.966261,-205.582453,115.011021,0.014753,-0.053289,-0.000612,0.998470
99.600800,95.975877,-205.618546,115.007389,0.014770,-0.053197,0.000313,0.998475
99.704600,95.996574,-205.666450,115.007955,0.015024,-0.053220,0.000185,0.998470
99.808400,96.027793,-205.716718,115.012912,0.015107,-0.053270,-0.000114,0.998466
99.912200,96.048037,-205.768457,115.023406,0.014330,-0.052904,-0.000971,0.998496
100.016000,96.078146,-205.828024,115.018997,0.013849,-0.052965,-0.000863,0.998500
100.120000,96.102532,-205.898048,115.011126,0.013291,-0.053319,-0.000754,0.998489
100.224000,96.135836,-205.967242,115.012557,0.013121,-0.052876,0.000246,0.998515
100.328000,96.165543,-206.037033,115.001136,0.013437,-0.052966,0.000909,0.998505
100.432000,96.194580,-206.102837,115.004445,0.013865,-0.052976,0.000811,0.998499
100.535000,96.228287,-206.183654,115.014310,0.013958,-0.052716,0.000391,0.998512
100.639000,96.254827,-206.255359,115.009939,0.013397,-0.052841,0.000174,0.998513
100.743000,96.299575,-206.339525,115.009786,0.013021,-0.052436,0.000721,0.998539
100.847000,96.352630,-206.446399,115.018831,0.012852,-0.051978,0.000667,0.998565
100.951000,96.384518,-206.519345,115.033886,0.012663,-0.051627,0.000290,0.998586
101.055000,96.413211,-206.611757,115.048052,0.012161,-0.051321,-0.000167,0.998608
101.158000,96.473827,-206.710295,115.024947,0.013392,-0.051391,-0.000160,0.998589
101.262000,96.513717,-206.803888,115.018917,0.014181,-0.051409,0.000829,0.998577
101.366000,96.549608,-206.882672,115.019293,0.014731,-0.050928,0.001751,0.998592
101.470000,96.592048,-206.990140,115.027520,0.014464,-0.050475,0.001528,0.998619
101.574000,96.636232,-207.086558,115.037405,0.014040,-0.049931,0.000296,0.998654
101.678000,96.683950,-207.188966,115.031080,0.014006,-0.049739,-0.001206,0.998663
101.782000,96.721912,-207.265157,115.027617,0.013852,-0.049495,-0.002117,0.998676
101.886000,96.747640,-207.327317,115.030513,0.013775,-0.049412,-0.002277,0.998681
101.989000,96.769966,-207.380677,115.028158,0.013907,-0.048988,-0.002124,0.998700
102.093000,96.792531,-207.414932,115.026530,0.014033,-0.048686,-0.001947,0.998714
102.197000,96.800704,-207.432714,115.029970,0.013999,-0.048525,-0.001923,0.998722
102.301000,96.805517,-207.442310,115.023944,0.013903,-0.048586,-0.001910,0.998720
102.405000,96.795433,-207.427417,115.028099,0.014003,-0.048668,-0.001916,0.998715
102.509000,96.793269,-207.427339,115.032062,0.015301,-0.048636,-0.001959,0.998697
102.613000,96.793938,-207.429479,115.035347,0.016216,-0.048480,-0.001860,0.998691
102.717000,96.790598,-207.432357,115.030301,0.015599,-0.048571,-0.001702,0.998696
102.820000,96.797274,-207.427765,115.027543,0.015552,-0.048623,-0.001839,0.998694
102.924000,96.793800,-207.428612,115.031151,0.015591,-0.048581,-0.001860,0.998696
103.028000,96.791439,-207.431109,115.031099,0.015064,-0.048647,-0.001923,0.998701
103.132000,96.793083,-207.429289,115.031361,0.015157,-0.048534,-0.001814,0.998705
103.236000,96.791613,-207.429624,115.029258,0.015396,-0.048624,-0.001883,0.998697
103.340000,96.792748,-207.430244,115.031379,0.015111,-0.048540,-0.001884,0.998705
103.444000,96.790762,-207.431297,115.030055,0.015048,-0.048624,-0.001857,0.998702
103.548000,96.790885,-207.429202,115.031621,0.015244,-0.048571,-0.001769,0.998702
103.651000,96.793292,-207.433090,115.032039,0.015081,-0.048574,-0.001836,0.998704
103.755000,96.791458,-207.433673,115.030920,0.015085,-0.048623,-0.001857,0.998702
103.859000,96.792925,-207.434265,115.032086,0.015102,-0.048639,-0.001846,0.998701
103.963000,96.794582,-207.431748,115.030736,0.015199,-0.048558,-0.001801,0.998703
104.067000,96.793981,-207.430329,115.029413,0.015235,-0.048596,-0.001820,0.998701
104.170000,96.794432,-207.432097,115.030458,0.015216,-0.048590,-0.001786,0.998701
104.274000,96.795965,-207.430278,115.032937,0.015369,-0.048543,-0.001895,0.998701
104.378000,96.795215,-207.429836,115.031155,0.015275,-0.048537,-0.001799,0.998703
104.482000,96.792401,-207.431958,115.028266,0.015151,-0.048642,-0.001784,0.998700
104.586000,96.793426,-207.430272,115.031324,0.015176,-0.048568,-0.001773,0.998703
104.690000,96.793630,-207.428465,115.029118,0.015295,-0.048641,-0.001849,0.998698
104.794000,96.794181,-207.431173,115.031202,0.015125,-0.048528,-0.001794,0.998706
104.897000,96.794464,-207.431920,115.030403,0.015167,-0.048623,-0.001769,0.998700
105.001000,96.794764,-207.435595,115.028454,0.015206,-0.048681,-0.001726,0.998697
105.105000,96.792536,-207.435635,115.030778,0.015041,-0.048641,-0.001740,0.998702
105.209000,96.794816,-207.433987,115.027851,0.015235,-0.048681,-0.001674,0.998697
105.313000,96.792473,-207.435279,115.031355,0.014997,-0.048599,-0.001698,0.998704
105.417000,96.793695,-207.435404,115.028691,0.015091,-0.048676,-0.001729,0.998699
105.521000,96.790071,-207.435528,115.032429,0.014920,-0.048571,-0.001724,0.998707
105.625000,96.793829,-207.434180,115.029482,0.015152,-0.048655,-0.001659,0.998699
105.729000,96.794406,-207.433412,115.029914,0.015215,-0.048603,-0.001786,0.998701
105.832000,96.794533,-207.433998,115.028642,0.015202,-0.048661,-0.001789,0.998698
105.936000,96.793581,-207.433931,115.030687,0.015104,-0.048653,-0.001778,0.998700
106.040000,96.794232,-207.434927,115.029986,0.015188,-0.048625,-0.001766,0.998700
106.144000,96.794237,-207.433308,115.031541,0.015138,-0.048563,-0.001744,0.998704
106.248000,96.794069,-207.432583,115.029750,0.015176,-0.048638,-0.001844,0.998699
106.352000,96.794330,-207.433637,115.028804,0.015259,-0.048667,-0.001822,0.998697
106.456000,96.793700,-207.433168,115.029917,0.015158,-0.048652,-0.001775,0.998699
106.560000,96.794519,-207.431200,115.029557,0.015269,-0.048609,-0.001852,0.998699
106.663000,96.794872,-207.432502,115.028807,0.015251,-0.048635,-0.001845,0.998698
106.767000,96.793698,-207.432823,115.030018,0.015179,-0.048584,-0.001802,0.998702
106.871000,96.794619,-207.432623,115.029696,0.015252,-0.048624,-0.001901,0.998699
106.975000,96.793894,-207.434504,115.029440,0.015138,-0.048585,-0.001800,0.998703
107.079000,96.788126,-207.432216,115.038350,0.014911,-0.048434,-0.001864,0.998713
107.183000,96.794398,-207.434843,115.028257,0.015199,-0.048650,-0.001787,0.998699
107.287000,96.794052,-207.432084,115.027158,0.015251,-0.048689,-0.001878,0.998696
107.391000,96.793511,-207.433067,115.029853,0.015161,-0.048566,-0.001863,0.998703
107.494000,96.794522,-207.433169,115.029390,0.015242,-0.048591,-0.001902,0.998701
107.598000,96.793525,-207.434194,115.029185,0.015176,-0.048630,-0.001815,0.998700
107.702000,96.793773,-207.432363,115.028164,0.015252,-0.048639,-0.001858,0.998698
107.806000,96.794249,-207.433291,115.030418,0.015198,-0.048579,-0.001831,0.998702
107.910000,96.794218,-207.433460,115.029389,0.015205,-0.048626,-0.001912,0.998699
108.014000,96.793828,-207.431877,115.030270,0.015206,-0.048625,-0.001861,0.998700
108.117000,96.787543,-207.431812,115.038405,0.014907,-0.048471,-0.001820,0.998712
108.221000,96.792871,-207.435205,115.025154,0.015228,-0.048756,-0.001841,0.998693
108.325000,96.793549,-207.433889,115.029355,0.015174,-0.048663,-0.001789,0.998698
108.429000,96.793599,-207.431692,115.031530,0.015187,-0.048602,-0.001795,0.998701
108.533000,96.795183,-207.431268,115.030225,0.015294,-0.048595,-0.001867,0.998700
108.637000,96.794033,-207.430302,115.028767,0.015339,-0.048617,-0.001903,0.998698
108.741000,96.795266,-207.426595,115.032569,0.015547,-0.048505,-0.002035,0.998700
108.845000,96.796157,-207.436797,115.025504,0.015810,-0.048677,-0.001915,0.998688
108.948000,96.797892,-207.440642,115.025646,0.016274,-0.048610,-0.001889,0.998683
109.052000,96.797242,-207.451053,115.020962,0.016321,-0.048643,-0.001905,0.998681
109.156000,96.806923,-207.465028,115.024739,0.016312,-0.048379,-0.002010,0.998694
109.260000,96.813659,-207.481814,115.029764,0.016315,-0.048149,-0.002110,0.998705
109.364000,96.825241,-207.503427,115.030232,0.016377,-0.047947,-0.002334,0.998713
109.468000,96.837945,-207.526134,115.029743,0.016516,-0.047722,-0.002541,0.998721
109.572000,96.847528,-207.552261,115.030862,0.016589,-0.047520,-0.002982,0.998728
109.676000,96.859522,-207.584632,115.032090,0.016648,-0.047355,-0.003012,0.998735
109.779000,96.877359,-207.618882,115.033645,0.016824,-0.046974,-0.003415,0.998749
109.883000,96.896695,-207.655423,115.030588,0.017020,-0.046576,-0.003574,0.998763